6.417457825769999902e-01
6.919673243620000358e-01
6.682810560680000345e-01
6.464904152449999497e-01
6.241121570859999856e-01
7.115800484140000215e-01
8.252856331010000046e-01
7.377512180180000323e-01
7.726270852200000094e-01
7.011288679710000471e-01
8.115704869619999595e-01
6.964181668209999954e-01
6.012964742980000388e-01
7.150654354969999682e-01
7.248667421629999552e-01
6.400510124520000232e-01
6.739670110990000351e-01
7.271360691899999562e-01
6.206209836410000458e-01
6.551112474620000015e-01
6.816615372159999797e-01
6.214309167349999496e-01
6.764630468229999583e-01
6.784289247870000095e-01
6.830721517300000212e-01
6.621987808310000334e-01
6.700685876059999657e-01
7.343102287930000083e-01
5.972056541910000238e-01
6.114246262050000436e-01
7.393557851069999520e-01
6.633365195860000396e-01
6.330403672629999479e-01
7.949262269889999510e-01
6.824003761439999538e-01
7.370078670090000061e-01
7.625287304550000256e-01
8.189253805589999935e-01
6.408448168510000320e-01
6.656576211160000200e-01
7.307981299660000207e-01
6.902107798230000535e-01
7.618193360610000520e-01
5.965133741960000346e-01
6.263292329659999602e-01
6.689113604890000175e-01
6.980407615879999916e-01
6.765024567020000434e-01
7.541908974490000306e-01
7.218145298849999447e-01
6.267304419260000259e-01
7.271767861069999839e-01
6.761445715689999858e-01
7.170267351300000369e-01
7.696520559639999925e-01
8.906403843729999714e-01
7.287309832760000550e-01
6.291970324069999787e-01
6.851345811839999467e-01
6.013312356159999927e-01
6.571534026740000201e-01
6.420145745640000179e-01
6.978488335179999780e-01
7.471124089899999765e-01
7.089965092869999763e-01
8.228913797250000384e-01
7.435966256449999534e-01
8.182317564659999931e-01
6.948993791399999953e-01
6.544318620650000362e-01
8.131016235050000374e-01
6.507769608019999819e-01
6.410749107559999826e-01
6.644890740840000420e-01
6.266260779019999783e-01
8.210494021519999519e-01
6.186012838240000367e-01
7.325307790730000157e-01
7.188764183870000046e-01
7.885475860070000342e-01
6.683057440590000065e-01
7.491443481399999715e-01
6.936881896009999826e-01
6.809029327000000187e-01
6.901334307409999758e-01
7.626847069890000386e-01
6.571501945729999461e-01
6.559595827199999896e-01
7.343008772639999515e-01
6.870376837310000484e-01
6.247405683900000284e-01
7.027197396390000295e-01
6.652873278630000442e-01
8.134048401810000106e-01
8.079854647640000165e-01
6.816728826550000342e-01
7.038499997830000021e-01
7.251850846420000440e-01
6.384605651650000491e-01
7.147438252250000179e-01
