8.228460387510000418e-01
8.093382030800000404e-01
8.839106981919999662e-01
8.681957254769999688e-01
9.839762753009999585e-01
7.896685132609999602e-01
9.277125160000000426e-01
8.169172814709999564e-01
8.906530292559999840e-01
8.090093323479999876e-01
8.168764104190000541e-01
7.919515050880000517e-01
8.432199482109999922e-01
7.956991068390000255e-01
8.070669004639999811e-01
7.612491353950000539e-01
7.840500693399999887e-01
8.258687888889999495e-01
9.394838502529999635e-01
8.100490881609999638e-01
8.010436510130000132e-01
7.855477991460000364e-01
9.897490680670000263e-01
9.868413676230000098e-01
9.471078819760000433e-01
8.086275240320000002e-01
8.743174432639999605e-01
8.123870772240000537e-01
9.618509904599999993e-01
8.240521812850000183e-01
8.213697859680000324e-01
9.079268534819999736e-01
8.119433463970000542e-01
9.703053234289999995e-01
6.757377535309999628e-01
8.141214995429999490e-01
9.210561424240000239e-01
9.561444048080000035e-01
9.707710824749999912e-01
9.531075293940000082e-01
7.984087675119999616e-01
8.143858134129999815e-01
9.570859204299999590e-01
9.628851773000000058e-01
8.175122152839999767e-01
8.885620050100000444e-01
8.177178186619999956e-01
9.837082430989999571e-01
6.588930948569999835e-01
9.360902734489999766e-01
9.749569557149999621e-01
7.808383047679999800e-01
9.878073845649999463e-01
8.228739350610000391e-01
9.535747056600000215e-01
9.553195957050000242e-01
9.653284461900000224e-01
9.342070285750000425e-01
7.789123705379999985e-01
8.773880438150000183e-01
9.707323365059999931e-01
9.804878925909999987e-01
8.087459187190000343e-01
7.963860139439999930e-01
9.785708536689999848e-01
8.062319591650000117e-01
8.228788866709999539e-01
6.702389833659999629e-01
8.118652454070000024e-01
9.823173819439999788e-01
9.703006819239999858e-01
9.725060903409999957e-01
8.176447083979999642e-01
7.977708637770000166e-01
6.534895439579999632e-01
9.550838513880000047e-01
8.916730937100000309e-01
9.665231320289999761e-01
8.530912550979999898e-01
8.395105673870000285e-01
9.803415088150000400e-01
6.422625088490000467e-01
9.812779693740000253e-01
8.173638966380000204e-01
8.178022156459999747e-01
8.013925168019999656e-01
9.682945762060000128e-01
9.860608090619999988e-01
8.165698817459999814e-01
8.167152319139999728e-01
8.205924573320000359e-01
7.854984499860000469e-01
8.158935707690000427e-01
8.151542784599999925e-01
6.633808867610000437e-01
8.211904970550000238e-01
6.429678098269999698e-01
9.296352902610000024e-01
9.685263077419999922e-01
9.869041465750000297e-01
