0.75
0.75
0.8125
0.8125
0.8125
0.8
0.8
0.8
0.8
0.8
0.833333333333
0.833333333333
0.833333333333
0.833333333333
0.833333333333
0.833333333333
0.833333333333
0.857142857143
0.875
0.875
0.875
0.875
0.875
0.888888888889
0.888888888889
0.888888888889
0.9
0.909090909091
0.909090909091
0.909090909091
0.916666666667
0.916666666667
0.923076923077
0.923076923077
0.928571428571
0.928571428571
0.928571428571
0.928571428571
0.933333333333
0.9375
0.9375
0.941176470588
0.944444444444
0.944444444444
0.944444444444
0.947368421053
0.947368421053
0.947368421053
0.95
0.952380952381
0.952380952381
0.954545454545
0.95652173913
0.95652173913
0.947916666667
0.947916666667
0.947916666667
0.947916666667
0.95
0.951923076923
0.951923076923
0.953703703704
0.953703703704
0.953703703704
0.955357142857
0.956896551724
0.958333333333
0.959677419355
0.959677419355
0.9609375
0.9609375
0.962121212121
0.963235294118
0.963235294118
0.963235294118
0.963235294118
0.964285714286
0.964285714286
0.964285714286
0.964285714286
0.965277777778
0.966216216216
0.966216216216
0.966216216216
0.967105263158
0.967105263158
0.967948717949
0.967948717949
0.967948717949
0.96875
0.96875
0.96875
0.963414634146
0.963414634146
0.964285714286
0.964285714286
0.96511627907
0.96511627907
0.96511627907
0.96511627907
