0.708333333333
0.708333333333
0.708333333333
0.708333333333
0.708333333333
0.708333333333
0.78125
0.825
0.825
0.825
0.825
0.825
0.825
0.825
0.854166666667
0.854166666667
0.875
0.875
0.890625
0.890625
0.902777777778
0.902777777778
0.902777777778
0.902777777778
0.902777777778
0.902777777778
0.902777777778
0.902777777778
0.902777777778
0.902777777778
0.9125
0.9125
0.9125
0.886363636364
0.886363636364
0.895833333333
0.875
0.875
0.875
0.875
0.883928571429
0.891666666667
0.8984375
0.8984375
0.904411764706
0.904411764706
0.909722222222
0.909722222222
0.909722222222
0.909722222222
0.909722222222
0.909722222222
0.914473684211
0.914473684211
0.914473684211
0.914473684211
0.914473684211
0.914473684211
0.914473684211
0.91875
0.91875
0.922619047619
0.922619047619
0.922619047619
0.922619047619
0.926136363636
0.926136363636
0.926136363636
0.926136363636
0.926136363636
0.929347826087
0.929347826087
0.929347826087
0.929347826087
0.932291666667
0.935
0.9375
0.939814814815
0.939814814815
0.941964285714
0.943965517241
0.943965517241
0.945833333333
0.945833333333
0.945833333333
0.947580645161
0.94921875
0.94921875
0.94921875
0.950757575758
0.952205882353
0.952205882353
0.952205882353
0.952205882353
0.952205882353
0.952205882353
0.952205882353
0.952205882353
0.952205882353
0.953571428571
