0.708333333333
0.708333333333
0.708333333333
0.708333333333
0.6875
0.6875
0.6875
0.675
0.675
0.675
0.675
0.675
0.675
0.729166666667
0.729166666667
0.767857142857
0.767857142857
0.767857142857
0.767857142857
0.767857142857
0.796875
0.796875
0.819444444444
0.8375
0.8375
0.8375
0.8375
0.8375
0.8375
0.8375
0.8375
0.852272727273
0.864583333333
0.864583333333
0.864583333333
0.864583333333
0.875
0.875
0.883928571429
0.883928571429
0.891666666667
0.891666666667
0.891666666667
0.891666666667
0.891666666667
0.891666666667
0.891666666667
0.891666666667
0.8984375
0.8984375
0.8984375
0.8984375
0.8984375
0.8984375
0.8984375
0.8984375
0.8984375
0.8984375
0.8984375
0.904411764706
0.904411764706
0.904411764706
0.904411764706
0.904411764706
0.909722222222
0.914473684211
0.914473684211
0.914473684211
0.914473684211
0.914473684211
0.91875
0.91875
0.922619047619
0.926136363636
0.926136363636
0.929347826087
0.929347826087
0.932291666667
0.932291666667
0.935
0.935
0.935
0.9375
0.925925925926
0.925925925926
0.925925925926
0.928571428571
0.918103448276
0.918103448276
0.918103448276
0.920833333333
0.923387096774
0.92578125
0.92578125
0.92803030303
0.930147058824
0.930147058824
0.932142857143
0.932142857143
0.932142857143
