0.7
0.775
0.775
0.775
0.82
0.85
0.85
0.85
0.871428571429
0.871428571429
0.8875
0.8875
0.8875
0.8875
0.9
0.9
0.91
0.91
0.91
0.91
0.91
0.918181818182
0.918181818182
0.925
0.930769230769
0.935714285714
0.94
0.94
0.94
0.94
0.94
0.94375
0.94375
0.94375
0.94375
0.94375
0.94375
0.94375
0.94375
0.947058823529
0.947058823529
0.95
0.952631578947
0.955
0.938095238095
0.940909090909
0.94347826087
0.94347826087
0.94347826087
0.94347826087
0.929166666667
0.929166666667
0.929166666667
0.929166666667
0.932
0.932
0.932
0.934615384615
0.937037037037
0.939285714286
0.939285714286
0.941379310345
0.941379310345
0.941379310345
0.93
0.932258064516
0.932258064516
0.934375
0.936363636364
0.938235294118
0.938235294118
0.94
0.94
0.94
0.94
0.94
0.94
0.94
0.941666666667
0.941666666667
0.943243243243
0.943243243243
0.943243243243
0.943243243243
0.943243243243
0.944736842105
0.946153846154
0.946153846154
0.9475
0.9475
0.948780487805
0.95
0.95
0.95
0.95
0.951162790698
0.952272727273
0.953333333333
0.954347826087
0.955319148936
