0.694444444444
0.770833333333
0.816666666667
0.816666666667
0.816666666667
0.847222222222
0.869047619048
0.885416666667
0.885416666667
0.898148148148
0.898148148148
0.908333333333
0.916666666667
0.916666666667
0.923611111111
0.923611111111
0.923611111111
0.923611111111
0.929487179487
0.934523809524
0.934523809524
0.934523809524
0.938888888889
0.938888888889
0.938888888889
0.942708333333
0.946078431373
0.946078431373
0.949074074074
0.949074074074
0.949074074074
0.949074074074
0.951754385965
0.954166666667
0.954166666667
0.956349206349
0.956349206349
0.956349206349
0.956349206349
0.958333333333
0.958333333333
0.960144927536
0.960144927536
0.961805555556
0.961805555556
0.963333333333
0.963333333333
0.964743589744
0.966049382716
0.967261904762
0.968390804598
0.969444444444
0.970430107527
0.970430107527
0.970430107527
0.971354166667
0.972222222222
0.973039215686
0.973039215686
0.973039215686
0.97380952381
0.97380952381
0.97380952381
0.974537037037
0.975225225225
0.975877192982
0.975877192982
0.975877192982
0.975877192982
0.975877192982
0.976495726496
0.976495726496
0.977083333333
0.977642276423
0.978174603175
0.978174603175
0.978174603175
0.978682170543
0.979166666667
0.97962962963
0.97962962963
0.980072463768
0.980496453901
0.980902777778
0.981292517007
0.981666666667
0.982026143791
0.982371794872
0.982704402516
0.982704402516
0.982704402516
0.983024691358
0.983333333333
0.983333333333
0.983630952381
0.983630952381
0.983918128655
0.983918128655
0.984195402299
0.984195402299
