0.722222222222
0.722222222222
0.791666666667
0.791666666667
0.833333333333
0.833333333333
0.833333333333
0.833333333333
0.833333333333
0.861111111111
0.833333333333
0.833333333333
0.833333333333
0.854166666667
0.87037037037
0.87037037037
0.883333333333
0.883333333333
0.893939393939
0.902777777778
0.910256410256
0.910256410256
0.910256410256
0.916666666667
0.922222222222
0.922222222222
0.927083333333
0.927083333333
0.927083333333
0.927083333333
0.93137254902
0.93137254902
0.93137254902
0.93137254902
0.93137254902
0.93137254902
0.93137254902
0.935185185185
0.938596491228
0.938596491228
0.938596491228
0.941666666667
0.944444444444
0.94696969697
0.949275362319
0.951388888889
0.951388888889
0.951388888889
0.951388888889
0.951388888889
0.951388888889
0.951388888889
0.951388888889
0.953333333333
0.955128205128
0.955128205128
0.956790123457
0.956790123457
0.956790123457
0.956790123457
0.956790123457
0.956790123457
0.958333333333
0.958333333333
0.959770114943
0.961111111111
0.961111111111
0.962365591398
0.963541666667
0.963541666667
0.963541666667
0.963541666667
0.964646464646
0.964646464646
0.964646464646
0.964646464646
0.96568627451
0.96568627451
0.96568627451
0.96568627451
0.966666666667
0.967592592593
0.968468468468
0.969298245614
0.969298245614
0.970085470085
0.970085470085
0.970085470085
0.970833333333
0.970833333333
0.970833333333
0.970833333333
0.971544715447
0.971544715447
0.971544715447
0.971544715447
0.972222222222
0.972868217054
0.972868217054
0.973484848485
