0.7
0.7
0.775
0.775
0.775
0.775
0.775
0.82
0.85
0.85
0.871428571429
0.871428571429
0.8875
0.9
0.91
0.91
0.918181818182
0.918181818182
0.918181818182
0.918181818182
0.925
0.930769230769
0.935714285714
0.935714285714
0.94
0.94375
0.947058823529
0.95
0.952631578947
0.952631578947
0.955
0.957142857143
0.957142857143
0.957142857143
0.959090909091
0.959090909091
0.959090909091
0.959090909091
0.960869565217
0.960869565217
0.960869565217
0.9625
0.964
0.965384615385
0.965384615385
0.966666666667
0.966666666667
0.966666666667
0.967857142857
0.967857142857
0.968965517241
0.968965517241
0.968965517241
0.968965517241
0.97
0.97
0.97
0.970967741935
0.970967741935
0.970967741935
0.959375
0.959375
0.960606060606
0.961764705882
0.962857142857
0.962857142857
0.963888888889
0.963888888889
0.964864864865
0.964864864865
0.965789473684
0.966666666667
0.9675
0.9675
0.968292682927
0.969047619048
0.969047619048
0.96976744186
0.970454545455
0.970454545455
0.971111111111
0.971739130435
0.971739130435
0.971739130435
0.972340425532
0.972916666667
0.973469387755
0.973469387755
0.974
0.974509803922
0.974509803922
0.975
0.975
0.975
0.975471698113
0.975471698113
0.975471698113
0.975471698113
0.975471698113
0.975471698113
