0.0833333333333
0.0943290982532
0.0877865879669
0.0964856108752
0.0918234457998
0.0868256915602
0.090560469842
0.100972642491
0.119783413897
0.132456615453
0.130239312897
0.145766450573
0.153914390638
0.15991169137
0.149322858812
0.152378637936
0.152142635885
0.159863455986
0.170699474952
0.183021365214
0.21093235392
0.224590050374
0.225863421091
0.224959303816
0.240193111136
0.254984837016
0.296444199383
0.313404328906
0.342206302207
0.372926569988
0.383871343565
0.395168971882
0.405259830337
0.426427003334
0.452163879117
0.483461526654
0.515853983719
0.528054631047
0.538633975029
0.544177024086
0.552936345577
0.55786375755
0.564787438825
0.56309520645
0.567819298712
0.568010130328
0.576965138511
0.585931312726
0.583459938958
0.587085640596
