0.166666666667
0.460709458688
0.646294291646
0.752783072812
0.899931648366
0.953509458899
0.969296834439
0.976835993643
0.981196730991
0.983865179936
0.985943120864
0.987538189346
0.988821877912
0.989847879955
0.990866351249
0.991593394398
0.992198647554
0.992726223129
0.993188203903
0.993596182379
0.994044053613
0.99436528967
0.994659697986
0.994918245534
0.995151821785
0.995362991298
0.995556117702
0.995734694034
0.995905163339
0.99606031434
0.99620168514
0.996332467252
0.996456842172
0.996571957966
0.996678973263
0.996780262143
0.996876327589
0.996967778969
0.99705279126
0.997131813811
0.997208266807
0.997279083433
0.997347860815
0.997412399043
0.997474791122
0.997533539077
0.99758983013
0.997642818759
0.997693867124
0.997743118992
