0.166666666667
0.186815003779
0.169642857143
0.172689909297
0.181356686193
0.199783471699
0.191142290249
0.188295225498
0.174327601411
0.188512534643
0.175618858655
0.171961429774
0.179124543336
0.170837663769
0.170760896951
0.219420240254
0.190687830688
0.190263605442
0.176286139456
0.185762944067
0.174874811036
0.169312169312
0.17043808264
0.171768707483
0.168367346939
0.174855127236
0.171319916856
0.18275462963
0.167198129252
0.175801917989
0.186728395062
0.170048701299
0.170280612245
0.172252928949
0.16761148904
0.172760770975
0.171721466364
0.199100450365
0.174750803099
0.198157111848
0.179302747334
0.17650856639
0.174965356513
0.175033068783
0.175198281473
0.177069160998
0.175214875512
0.172855253212
0.181663753464
0.168981481481
