0.0833333333333
0.106978394401
0.0970865334605
0.106001207864
0.103721541394
0.118551726558
0.147255361754
0.15958315752
0.202912739013
0.230776127624
0.259741406106
0.290890033218
0.317348496093
0.329698949145
0.344140680857
0.36843282996
0.387899510906
0.387523236638
0.388445554667
0.402132368438
0.418300253494
0.424332526489
0.438380704619
0.456986313943
0.459236776524
0.471799927272
0.49045610201
0.492116144306
0.504835013411
0.51072471337
0.525769481082
0.53998472422
0.559637611555
0.580640302685
0.590555248582
0.606874336115
0.627688945359
0.676152930032
0.698345926982
0.732712799015
0.750503731476
0.768872285447
0.773709359423
0.786933147317
0.795219552527
0.808572305114
0.82080486088
0.853512997935
0.873757506288
0.898861621585
