0.125
0.155403077898
0.207617015893
0.308686206387
0.301773079985
0.49733487801
0.670812157415
0.793009295316
0.823746432999
0.837088254526
0.844290314433
0.8499549582
0.853569557096
0.856443891515
0.85864180731
0.860413109185
0.861665441052
0.862751907142
0.863727934702
0.864717096606
0.865348131107
0.865931779901
0.866464413324
0.866971692473
0.86743865398
0.867841310199
0.868181113356
0.868484690504
0.868745138954
0.868992955371
0.869244976383
0.869439952948
0.8696593527
0.869868163096
0.87004880137
0.870218055169
0.870367703293
0.870517308138
0.870645372914
0.870781263784
0.870907703652
0.871018886741
0.871132494651
0.87123895658
0.871336280812
0.871440131143
0.871530487297
0.871615807968
0.871689515192
0.871763604713
