0.0833333333333
0.100680940814
0.112673761011
0.134226436777
0.13555347713
0.136748400555
0.171374314388
0.230312752868
0.266246865909
0.286528960251
0.317429738557
0.351372256099
0.390960078463
0.404585937255
0.432215872966
0.453759178038
0.47496420016
0.486787146546
0.52234919337
0.536721800501
0.573525567436
0.601144088077
0.631258931688
0.652897232533
0.676210283936
0.686230869205
0.692962496557
0.701165693469
0.723323218435
0.730949080556
0.743937348004
0.758324786782
0.784441982924
0.807672297795
0.823314448724
0.842801946579
0.85680330842
0.864061762557
0.868896764
0.874332065194
0.877452316844
0.879588883723
0.88230628908
0.88427291893
0.886079605418
0.887673909038
0.889034477324
0.890575443287
0.891791133914
0.892748872149
