0.125
0.235954575577
0.350785353055
0.491759643599
0.62418837066
0.610232318979
0.647542171918
0.681880592545
0.715917959814
0.72472547514
0.7304881935
0.734027263135
0.736700473424
0.738387685837
0.739940414593
0.740948242615
0.741803595806
0.742470447703
0.742996729338
0.743593346224
0.744066090577
0.744433374561
0.744740346528
0.745059055432
0.745320110331
0.745613243379
0.745884845127
0.746058666964
0.746279723447
0.746432073687
0.746573523164
0.74670332011
0.746821877506
0.746926454195
0.747033757302
0.747124328185
0.747217705675
0.747293804121
0.747372052306
0.74744707521
0.747512223021
0.747572865321
0.747637844116
0.747701316405
0.747759967507
0.747865444813
0.74791343412
0.74795653268
0.748003990928
0.748049173004
