0.166666666667
0.538736738256
0.702406518607
0.916556905992
0.956327462194
0.970006156159
0.977132062632
0.981478905162
0.984402768521
0.986436374797
0.988071590291
0.989336601867
0.990347556692
0.991197391987
0.991917639741
0.992524468856
0.993025426533
0.993477069748
0.993868049464
0.994225080555
0.994542694239
0.994824730874
0.995078897654
0.995309035024
0.995521425477
0.995713545417
0.995886508302
0.996047952539
0.996197691515
0.996337752395
0.996466923995
0.996586666109
0.996699758936
0.996804286838
0.996903371248
0.996995842213
0.997083642076
0.997166765776
0.997244734598
0.997317999971
0.997387718234
0.997454049962
0.997517285969
0.997577169325
0.997634198093
0.997689596679
0.997741395218
0.997791459173
0.997839318582
0.997884633488
