0.0833333333333
0.0864118329778
0.0854304825974
0.0879397826685
0.0854509549135
0.0839488655423
0.0856923703078
0.0852587583357
0.0841155372405
0.0857887883128
0.0878479315378
0.085473649519
0.0892980805488
0.0845729235152
0.0847183786401
0.0840402030306
0.0850057108642
0.0854233195579
0.0856072244809
0.0849182868414
0.0865321196279
0.084886140518
0.0860697681439
0.0849858255679
0.085387511349
0.0841536935287
0.0843892002889
0.0855377101531
0.0841297235528
0.088545923958
0.0856663625345
0.0846377892051
0.0844130304982
0.0856117040011
0.0850280595473
0.0851243307974
0.0858698180127
0.0851232406177
0.084735891398
0.0852215245072
0.086068524221
0.0845274993627
0.0851517641902
0.0870139475909
0.0901647233515
0.089577652286
0.0856721321007
0.0856345698207
0.0870006026737
0.0866196247522
