0.135946377841
0.387349928361
0.593052219705
0.759445537091
0.819137335384
0.841566717502
0.849891014128
0.854970908765
0.858615300408
0.860989913231
0.862839723236
0.864205393862
0.865308729436
0.866138481562
0.866862671402
0.867513202802
0.868080244739
0.868540705189
0.868934382065
0.869311395018
0.869630470788
0.869925645099
0.870179661703
0.870424332492
0.870634873811
0.870813308098
0.871062477543
0.871217021462
0.871358889389
0.871493659057
0.871625395317
0.87174018266
0.871846807151
0.871947789713
0.872050136517
0.87213977995
0.872227372249
0.872304764827
0.872381230265
0.872458703016
0.872523418068
0.872587442071
0.872652965833
0.872710183866
0.872766234669
0.872818919489
0.872872238246
0.872918366598
0.872961543202
0.873005574409
