0.0833333333333
0.0852490138067
0.0844281252935
0.0850689692379
0.0845328104943
0.0853046241508
0.0857573058809
0.0855141119564
0.0862468524556
0.0851868658788
0.0843874532061
0.0840749350365
0.0858290480887
0.0852076736349
0.0843257881719
0.0881559107864
0.090337340722
0.0854467164907
0.0871610694327
0.0865202883833
0.0864760864898
0.085467150371
0.0855330643105
0.0853584818214
0.0864530361783
0.0848794317201
0.085327596193
0.0870369811304
0.0863757906598
0.0849004491261
0.0855174139429
0.0844658622818
0.085326377428
0.0844662815817
0.0839832481316
0.0850524208697
0.0883505214216
0.0874703974292
0.0856855881324
0.0845617701387
0.0852629233811
0.0860357209945
0.0860844156861
0.0846629332206
0.0857742036657
0.0848700673563
0.0876522114434
0.0835271896398
0.0850062140241
0.0839601726621
