0.125
0.291333334666
0.486439521064
0.631272325338
0.758407325832
0.803316733522
0.823148541047
0.834875625449
0.841857098475
0.846911875992
0.850854927508
0.853342005148
0.855602735297
0.857303533425
0.928071008163
0.954113433891
0.968365882099
0.974229790554
0.978286312882
0.980707988605
0.982615433226
0.984269588345
0.985413191296
0.986447220544
0.987392177217
0.988337315255
0.988964442072
0.989470758036
0.989950271465
0.990523253857
0.990962510656
0.991313719976
0.991714236734
0.992022893752
0.992353535745
0.992619911777
0.992910637881
0.993140856131
0.993351009672
0.99354716276
0.99374191601
0.993911258481
0.994073159061
0.994235311165
0.994378519685
0.994512912446
0.994649546107
0.99478187664
0.994904321246
0.995024186013
