0.0714285714286
0.0743569336104
0.072952497253
0.0721985594833
0.0726944355484
0.0726455174084
0.0731106425705
0.072835449755
0.0734499401612
0.071923978917
0.0713796431271
0.0753576497451
0.072486030595
0.0714043287206
0.0720865077294
0.0734700626282
0.0714285714286
0.0718755681836
0.0732928135292
0.0720276056851
0.0715210290465
0.0716993537246
0.0729219918374
0.0723676383996
0.0723484445862
0.073733427895
0.0719672888997
0.072842430623
0.0719294285174
0.0734042477358
0.074438581328
0.0733430925142
0.0726848533726
0.0727420073932
0.071919558498
0.0729929812947
0.0725677066462
0.0735586446041
0.0728230455956
0.0719189023714
0.0739620746612
0.0727862594553
0.0749814582331
0.072783649174
0.0719903358169
0.073716265717
0.0718841740565
0.0724024133463
0.0714408878631
0.0735706180207
