0.0833333333333
0.0959488293694
0.0961196235973
0.0991276430444
0.0990677808209
0.0985303830091
0.118731490179
0.120068480636
0.127592199212
0.152958369784
0.167235755999
0.199922306535
0.202012363171
0.20634048982
0.202248557821
0.22000274958
0.216994522062
0.220876581806
0.226068642849
0.226897701395
0.215832087756
0.231081377188
0.228489245313
0.250253427098
0.255280148407
0.253331655087
0.273642919126
0.272382768564
0.298810543744
0.341489323318
0.364748923341
0.392939165724
0.412347181264
0.413320843733
0.438905008644
0.456754629566
0.47928927746
0.483889285867
0.500470851218
0.498501183807
0.499120650338
0.504643749406
0.508958188453
0.517228744011
0.519560729181
0.515569034469
0.529704463925
0.546427195998
0.544995119533
0.554212472468
