0.0714285714286
0.0768800442326
0.0832743529142
0.0853506077805
0.0819639053884
0.0829857276047
0.0870153669438
0.0948172104357
0.119176619188
0.1248881907
0.118938326045
0.137446994003
0.151659138127
0.161539493956
0.172615023908
0.171172197869
0.173314449666
0.174774293558
0.179777676948
0.185234583174
0.183606200561
0.186538781585
0.192068043394
0.189745667828
0.19460120979
0.186064289332
0.189827302927
0.206313634962
0.207659461262
0.212892400218
0.21798934613
0.218872630549
0.21992098946
0.226151639869
0.252291970121
0.267736556928
0.290243371396
0.302700968848
0.325428388325
0.34497434912
0.356802118982
0.365233885687
0.376308719467
0.386223543819
0.399807499996
0.410446831585
0.421512033576
0.430590147206
0.44477675649
0.453621238257
