0.125
0.133287738496
0.128038194444
0.127480709877
0.134961419753
0.128063271605
0.128594276094
0.127415123457
0.128346158874
0.131454475309
0.129643977655
0.12414246633
0.13569065816
0.135425514616
0.125048225309
0.126823881173
0.129987373737
0.138266655294
0.127704818067
0.128533950617
0.13575617284
0.128069058642
0.136527777778
0.140318954772
0.13294332211
0.141520938552
0.129223979058
0.12595003858
0.130695129961
0.126770745651
0.126263503086
0.134068550084
0.128098631517
0.128260030864
0.130744598765
0.129158950617
0.13145009119
0.131814236111
0.128496773288
0.127970679012
0.131965751263
0.130718644781
0.128036966891
0.126740933642
0.132875631313
0.126167052469
0.135794490039
0.134433747194
0.133670443614
0.128534915123
