0.1
0.104564208519
0.104892382676
0.10267768595
0.100531680441
0.101305785124
0.101078741965
0.101069559229
0.104053719008
0.103587006428
0.106364311014
0.102609270489
0.102044077135
0.102021455817
0.104961945979
0.101936639118
0.105494555949
0.101749311295
0.102539644699
0.101267747404
0.101601116056
0.1
0.103777548209
0.100373966942
0.102951686037
0.10350442448
0.107273371151
0.101391469836
0.102505721551
0.102857364857
0.10255308328
0.102599173554
0.103557392103
0.108348040127
0.102454086318
0.103122695486
0.101873172282
0.103862849272
0.106602581762
0.103154428904
0.102336088154
0.109345627178
0.102037419651
0.102922685706
0.105203221021
0.10131594862
0.101829307057
0.101962809917
0.104758953168
0.104567120913
