0.173900462963
0.326408230417
0.660028842985
0.744954916137
0.877489501943
0.929782772026
0.955674693767
0.965996505753
0.972314439747
0.976430621737
0.979543991024
0.981905442116
0.983785426137
0.985291667061
0.986558264411
0.987597682049
0.988510815436
0.989306705077
0.98998965043
0.990741259071
0.991270759444
0.991735572537
0.992157874347
0.99253759763
0.992883114224
0.993194009606
0.993480524776
0.993743371196
0.993991815743
0.994221538539
0.994430963162
0.994625140578
0.994807871105
0.994975529261
0.995132128766
0.995281633529
0.995422376802
0.995555371206
0.995682449167
0.995802166425
0.99591517194
0.996022059801
0.996123319804
0.996220063509
0.99631184485
0.996398134968
0.996480787176
0.9965600172
0.9966352823
0.99670766105
