0.125
0.144126508137
0.159071695627
0.157913850442
0.172448096609
0.24716472081
0.3170703878
0.405629558372
0.451278688968
0.56956629746
0.63294427773
0.744171029885
0.785383640552
0.818491634263
0.87397468486
0.912840907944
0.93640812308
0.948538759179
0.958957366234
0.964001999616
0.968333540087
0.971287799057
0.973863127704
0.975945287583
0.977797728961
0.979458588987
0.980779410539
0.98188332805
0.982885695085
0.983805799459
0.984684370516
0.985388454811
0.986059429276
0.986655997435
0.987211334506
0.987733029836
0.988238337544
0.988676175639
0.989080291615
0.989459356628
0.989821280993
0.990156982727
0.990538776772
0.990826037644
0.991092479595
0.991354040931
0.99159527172
0.991820133898
0.992098499858
0.99230425214
