0.125
0.344330564206
0.480782674891
0.573800094748
0.591106879993
0.599390367693
0.603635660657
0.608111742466
0.610575471322
0.612605413104
0.614211247344
0.615282886816
0.616204448432
0.617029907063
0.617470206851
0.618005206522
0.618561912411
0.619092990214
0.619447360448
0.619747097798
0.619794140735
0.620054663676
0.620339875843
0.62043863239
0.620684579862
0.620869307542
0.621078338938
0.621221065899
0.621380947595
0.621507159942
0.621637608697
0.621753257626
0.621830403929
0.621959315771
0.622065212309
0.622155066978
0.622238434469
0.622308568932
0.622384259048
0.622450233964
0.62253420401
0.622596851963
0.622536078347
0.622595460233
0.622651763892
0.622708503124
0.622763977848
0.622741068167
0.622751713384
0.622806580927
