0.125
0.126793568122
0.125
0.130296296296
0.128410218254
0.125
0.12673900463
0.129178240741
0.127196401014
0.128625165344
0.126369212963
0.126397569444
0.126890046296
0.141889467593
0.128130208333
0.130408399471
0.151712962516
0.134969195928
0.138486483135
0.125
0.123987268519
0.125
0.139750675154
0.128200810185
0.133380042989
0.129740961199
0.126646990741
0.124476135362
0.125
0.126644758598
0.124820601852
0.125
0.125
0.125
0.128114583333
0.125179398148
0.124973958333
0.129803791887
0.125071759259
0.129178240741
0.124820601852
0.133942350088
0.126557291667
0.126184238215
0.139110661394
0.128001157407
0.13693452381
0.125
0.125
0.124311342593
