0.166666666667
0.230105102308
0.480254629436
0.733773207886
0.790867100939
0.849641791055
0.960842577162
0.973146670601
0.978994404921
0.982872101584
0.985342050436
0.987231222978
0.988618314223
0.989715383616
0.990663598756
0.991449823709
0.992104711344
0.992769769994
0.993244132513
0.993662325939
0.994027003651
0.994356310375
0.994656577098
0.994918915216
0.995163179664
0.99538311543
0.99558271955
0.995766254645
0.995932966801
0.996087665594
0.996233097113
0.996367441424
0.996491879001
0.996609714187
0.996718065121
0.996820706169
0.996917920352
0.99700853499
0.997094285985
0.997174689171
0.997251286887
0.997323089393
0.997390926734
0.997456128773
0.997517948582
0.997577289644
0.997671158921
0.9977236906
0.997774107615
0.997822266113
