0.125
0.310125329
0.51336141433
0.804457650969
0.895223006847
0.931811770638
0.94980485361
0.960210330351
0.96692396784
0.971701018226
0.97526093115
0.977982300271
0.980229318299
0.982145966808
0.983705692766
0.984979847959
0.986088080186
0.987032409744
0.987849253213
0.988582701488
0.989231174235
0.98980857544
0.990322825853
0.990795495967
0.991224369512
0.991613232892
0.991970200596
0.992295219631
0.992597257046
0.992875206176
0.993133333095
0.99337056895
0.993589820881
0.993799623043
0.993994494629
0.99417680395
0.994349317283
0.994513234039
0.99466576441
0.99481068779
0.994948524211
0.995081941689
0.995207068631
0.995326044439
0.99543956921
0.995546266031
0.995647683094
0.995746377976
0.995839708615
0.995928445783
