0.25
0.698444535938
0.729726490463
0.736981292305
0.740441155467
0.742550933026
0.743396394368
0.744673798494
0.745422482145
0.745950707547
0.746390576891
0.746727744294
0.747043349561
0.747129794645
0.747351540648
0.747525058527
0.747690260625
0.747819006698
0.74793764167
0.74808673545
0.748182030481
0.748271862017
0.748353539237
0.748422916967
0.748513416995
0.748572282564
0.748636944835
0.748692231308
0.748739683817
0.748777548295
0.748819021512
0.748858445075
0.748895529462
0.748927725433
0.748960437233
0.748990567935
0.74902057645
0.74904695277
0.749069916054
0.749095446611
0.749117954201
0.749137548325
0.749157618314
0.749177023165
0.749210233395
0.749227521274
0.749243632434
0.749260807199
0.749276510634
0.749290337308
