0.25
0.31287202381
0.3160522343
0.463147923643
0.730865350259
0.908717155392
0.94903430887
0.96305797919
0.971496175206
0.976855888434
0.980576506965
0.983225197901
0.985243429556
0.986814258422
0.98810656475
0.989181939497
0.990035590058
0.990803252124
0.991461371567
0.992026172285
0.992512075983
0.992948677514
0.993335655822
0.993687783845
0.994003674055
0.994284842442
0.994542351741
0.994778850214
0.994994822418
0.995197118818
0.99537851571
0.995549426835
0.995705700687
0.995852825544
0.995991286781
0.996121184114
0.9962426335
0.996357048418
0.996464434975
0.996565528504
0.996660212392
0.996750663139
0.996836530416
0.996917804694
0.996994942268
0.997067863525
0.997136803231
0.997202661854
0.997265897977
0.997326101572
