0.25
0.92124898451
0.967586949286
0.980891373448
0.986082144025
0.989333902716
0.991503140268
0.992976725599
0.993890750258
0.99459877289
0.995160850546
0.995617896121
0.9962683417
0.996565822232
0.996816557254
0.997035339975
0.997223513888
0.997390945177
0.997539443307
0.997671534212
0.997791023319
0.997898770788
0.997995825698
0.998085451506
0.998166674923
0.998240363373
0.998309144709
0.998432130948
0.998488949948
0.998541099066
0.99859041682
0.998636548765
0.998679861752
0.99872026557
0.998758209226
0.998794207336
0.998827981977
0.998859917593
0.998890401227
0.998919294304
0.998946455119
0.998972507038
0.998997217634
0.999020905273
0.999043407914
0.999064872328
0.999085506183
0.999105064742
0.999123880975
0.999141900937
