0.1
0.22637988743
0.336238343631
0.42766297305
0.482059490966
0.54355315856
0.610475229053
0.670646206791
0.691690557875
0.722694498922
0.743456898337
0.795960615193
0.820229730444
0.839446038016
0.849542791748
0.857633746961
0.86221184502
0.866661015325
0.869894862307
0.877045727657
0.897602760533
0.930349062703
0.956756387087
0.963520626447
0.968661468381
0.971251633848
0.973790206169
0.975689588585
0.977386647573
0.978712366959
0.980181590885
0.981156290329
0.982141083997
0.982883435505
0.983650689226
0.984360667115
0.984670603166
0.98528610606
0.985974301761
0.986450247973
0.986890208042
0.987377479434
0.987848503194
0.988227045142
0.988591091319
0.988910446776
0.989294034248
0.989567299025
0.989968004345
0.990222546814
