0.100669421488
0.100023415978
0.1011366815
0.102461774822
0.104337783429
0.100494490358
0.100835629017
0.101943526171
0.104641325846
0.104340611603
0.103321849479
0.101994560995
0.106756056104
0.10067768595
0.102944674013
0.101607438017
0.10150137741
0.103652892562
0.102457529844
0.101891184573
0.100049586777
0.102270078406
0.100988521579
0.0999545454545
0.104707883026
0.106210978416
0.102047573638
0.10039302112
0.104898548421
0.102143356643
0.106314175335
0.101631083563
0.104279266188
0.101916701985
0.105202938476
0.10942968179
0.104087119175
0.109177004425
0.106004779942
0.102409550046
0.101450019677
0.102433213251
0.104737550328
0.105855946695
0.101427527018
0.103219255492
0.101778375471
0.102263085399
0.101024793388
0.105509023804
