0.126181520062
0.124922839506
0.127904128086
0.139950520159
0.13099352904
0.126142939815
0.128167438272
0.125887345679
0.125552837402
0.130185185185
0.131089891975
0.133253650285
0.130291631594
0.129406039562
0.142649904984
0.128600238496
0.126602044753
0.126172050365
0.144363129155
0.13563967305
0.132900389629
0.12948854071
0.130103647317
0.129169297138
0.12491450968
0.132859776745
0.131535206867
0.130294549026
0.130329335017
0.133472459254
0.135204475309
0.129565446128
0.130073302469
0.129343171296
0.128187254489
0.129240319865
0.127170138889
0.136473510356
0.125752314815
0.129388503086
0.144034522576
0.125530741442
0.129528997237
0.128995159933
0.133478009259
0.133613374911
0.125938201459
0.129023919753
0.146776847313
0.127415298822
