0.265625
0.882186736248
0.959592511192
0.975351785144
0.982425834322
0.986360956847
0.988897337245
0.990624435219
0.991877668941
0.992840306249
0.993594363572
0.994204394567
0.994713900891
0.99514000189
0.995502908314
0.995817156246
0.996088623994
0.996328052953
0.996537786971
0.99672485295
0.996894596914
0.99704652647
0.997184152184
0.997309875173
0.997425639908
0.997529655229
0.997627246891
0.997717585224
0.997801645237
0.997879051912
0.997951188167
0.998018882053
0.998081960708
0.998140707248
0.998196383337
0.998248974297
0.998298630904
0.998345755384
0.998390179964
0.998432221105
0.998472211412
0.998510077072
0.998546168053
0.998580568729
0.998613342042
0.998644524375
0.998674553144
0.998703181472
0.998730693265
0.998757002448
