0.166666666667
0.245616496653
0.56760513391
0.645071660391
0.772002789396
0.937632633501
0.967765226503
0.977663346118
0.982538359868
0.985737329574
0.987826865605
0.989393269844
0.99062772114
0.991602095045
0.992393979598
0.993053614414
0.993587316581
0.994040894819
0.994590567554
0.994921796321
0.995226165641
0.995488444403
0.995728356365
0.995946659591
0.996133025899
0.996308685101
0.99646620861
0.996613586894
0.996748780867
0.996872372872
0.996996025664
0.997104955825
0.997207861375
0.997301006195
0.997387686705
0.997469575114
0.997543812922
0.997615345881
0.997682897494
0.997748629789
0.997807977931
0.997863014124
0.997916547962
0.997968825638
0.998018538347
0.998065215765
0.99811062118
0.998153722281
0.998194346291
0.99823362494
