0.312946428571
0.973878785193
0.988175000533
0.992336607713
0.994328165389
0.995509138765
0.996260808819
0.996810434619
0.997214056007
0.997531727316
0.997783853749
0.997991755739
0.998167026963
0.998313041773
0.998441553559
0.998544896283
0.998634093547
0.998712259524
0.998785994006
0.998850711809
0.998907668379
0.998961362992
0.999009553489
0.999052128088
0.999091646553
0.999127765563
0.999161817332
0.999194077645
0.99922274038
0.999249217196
0.999273789706
0.999297634837
0.99931902542
0.99933993016
0.999359278101
0.999377694925
0.999395463895
0.999411737735
0.999427194108
0.999441310641
0.999455174688
0.999468615166
0.999481583556
0.999493578978
0.999505565322
0.999516363036
0.999526975586
0.999536873336
0.999546451569
0.999555489821
