0.125
0.308980224459
0.413987957405
0.54032163864
0.643657310002
0.697105478133
0.779791547598
0.815139030125
0.82963417057
0.839833273161
0.845199653074
0.848844802021
0.852212557681
0.854821449871
0.856811020784
0.858341428646
0.85981000702
0.86101187134
0.861988375801
0.862707866478
0.863444295052
0.864654391232
0.864735120031
0.86530463141
0.865792069124
0.86624753097
0.86659753861
0.866914477687
0.866977136479
0.867354744808
0.867649919895
0.867908798637
0.868756545163
0.868508244617
0.868712250502
0.86891536616
0.869108296868
0.869158058339
0.869325731987
0.869491019384
0.869620740976
0.869771365801
0.869908203079
0.870041160609
0.870164387497
0.870284096717
0.87039727801
0.871707687998
0.871763106013
0.87089021404
