0.166666666667
0.609112997226
0.773228930503
0.800700493987
0.811516711888
0.817118598319
0.820265571094
0.822386279288
0.824316859903
0.825656654846
0.826703777635
0.827340289683
0.828087911386
0.828517284805
0.828916048969
0.829217804568
0.829607177638
0.829836482079
0.830037524333
0.82971951783
0.829901140179
0.830159676579
0.830388097731
0.830528572227
0.83064341963
0.830754854847
0.830857744271
0.830957854621
0.831043914177
0.831174782332
0.831252610478
0.831380128414
0.83149009771
0.831549036771
0.831602043921
0.831653336633
0.83170055751
0.83174597221
0.831791639569
0.831872775565
0.831912473499
0.831951454959
0.831986576261
0.832019093781
0.832049968546
0.832081615334
0.832108526931
0.83213361465
0.832159613127
0.832183715968
