0.170535714286
0.186869331066
0.165360449735
0.175607638889
0.177029596561
0.199416099773
0.168474426808
0.177670304233
0.176481481481
0.174925988914
0.166666666667
0.181423611111
0.189847608025
0.2210357694
0.170709325397
0.173611111111
0.187804232804
0.167162698413
0.174035493827
0.163197016461
0.172773841018
0.170320767196
0.17931547619
0.197381428371
0.166666666667
0.183767124906
0.187062862182
0.24824368306
0.236276968349
0.332095039662
0.348843684421
0.384010332042
0.391525193877
0.395660053078
0.396060833616
0.463639606892
0.617474688247
0.64019223716
0.656047189954
0.696231950085
0.703804572559
0.731483354124
0.845463471469
0.93130121873
0.958721629217
0.970724589636
0.976285444254
0.979973184565
0.982635184089
0.984491450282
