0.25
0.351672453704
0.383000992063
0.55556148895
0.729634856244
0.908355872173
0.9463305213
0.961332955428
0.970135398701
0.976349288436
0.980100179384
0.982823517267
0.984979641645
0.986660287355
0.987975313042
0.989074640751
0.989979845035
0.990756499549
0.991429898419
0.991999004386
0.99250213324
0.992945936011
0.993333695989
0.993681270798
0.993998013166
0.994281297056
0.994543223512
0.994781905177
0.99500104208
0.995200397388
0.995381274792
0.995552865806
0.99571085017
0.995858945479
0.995996065518
0.996124503734
0.996244648312
0.996357030985
0.99646448454
0.996564138108
0.996658726491
0.996749008576
0.99683472874
0.996915363257
0.996992608157
0.997065805128
0.997135876446
0.997202561486
0.997266152433
0.997326827257
