0.125
0.130698578042
0.142665523217
0.138415343915
0.148566017316
0.126586474868
0.135119047619
0.131576388889
0.127613880622
0.124730902778
0.130217539983
0.124615162037
0.128847907218
0.13122974537
0.129220238095
0.130008267196
0.126619212963
0.131814236111
0.125
0.127538029101
0.124973958333
0.127326940035
0.131138392857
0.129493634259
0.127178819444
0.134334378006
0.124685846561
0.125152943122
0.129910273369
0.125
0.129275986552
0.125043402778
0.124411458333
0.127538029101
0.124418154762
0.13246803351
0.125
0.1332348917
0.126666666667
0.130930059524
0.172324857026
0.169769746072
0.127178819444
0.125651041667
0.128354001323
0.133961124138
0.12778042328
0.129459635417
0.131452020202
0.126371527778
