0.25
0.280381944444
0.481159287822
0.546341933465
0.638086722097
0.863208470678
0.960538131856
0.976724738421
0.983067458769
0.986657537682
0.988965450417
0.99053800698
0.991683442034
0.992669153665
0.993423871003
0.994023342898
0.994505530897
0.99494107475
0.995312158006
0.995616183815
0.995874582319
0.99613013537
0.996344650993
0.996545137927
0.996717826363
0.996873810993
0.997020220855
0.997153280269
0.997269643648
0.997379691733
0.997481225042
0.997577057382
0.997664449701
0.997739207741
0.997815361612
0.997885077099
0.997951805266
0.99801301548
0.998073603311
0.998128630271
0.998181060505
0.998229088334
0.998274885659
0.998319680526
0.998362940975
0.998402922099
0.99844218719
0.998475848051
0.998511398153
0.998545842949
