0.25
0.340265123907
0.275892857143
0.25
0.738214076973
0.934338018589
0.967380894672
0.977801655685
0.983355393651
0.986647610191
0.988900252819
0.990508877512
0.991745443325
0.992671620884
0.993398961718
0.994015958421
0.994514755078
0.994935964498
0.995299881851
0.995615241464
0.995893645842
0.996135114793
0.996346144651
0.99654170986
0.996717998223
0.996878558875
0.997022248416
0.997151525439
0.997267502604
0.997374444168
0.997475053942
0.997567877367
0.997655709627
0.997735447154
0.997811336147
0.997881672236
0.997949187663
0.998009506951
0.998070592512
0.998125751553
0.998180885032
0.998230891561
0.998278040549
0.998322890457
0.998364566933
0.998403247968
0.998442455457
0.998478564644
0.998513044106
0.998546598702
