0.0833333333333
0.0969968643963
0.0845568004369
0.0921177131079
0.0990931022813
0.0890113299784
0.0900626940876
0.125303566822
0.116678063222
0.131261551556
0.134486423985
0.152185028051
0.17785233772
0.182750750399
0.184369210411
0.213996995295
0.22624548901
0.260199279521
0.277593536185
0.272347015179
0.276295900213
0.30584009217
0.317920496164
0.338639869443
0.409488001967
0.507269614412
0.542740496207
0.572076864409
0.604277147511
0.632908750316
0.662743876633
0.668748687553
0.695722802487
0.741905070807
0.796497482061
0.836518694088
0.852928819756
0.86653760027
0.876003998726
0.881946744624
0.88394066459
0.88691688013
0.890044349065
0.892178677653
0.893814498554
0.895515091489
0.896708352787
0.898030612451
0.899154248585
0.900233776004
