0.0730791423712
0.0813470365736
0.0749295266993
0.0808679990902
0.0793633250893
0.0771629749834
0.07825766588
0.0859198973523
0.0772289966071
0.0792841213884
0.0789597419251
0.0774190675644
0.0727041281058
0.0745914043828
0.07886078058
0.0841057654041
0.0856288498266
0.0892625056862
0.082391021798
0.074229533974
0.0792651052469
0.0783076663585
0.0877317340711
0.0919578646012
0.0953455369284
0.108157017155
0.0917634017234
0.0984433352655
0.0987615045226
0.126269040434
0.153524387144
0.164802992393
0.168512422036
0.184746187215
0.19090541036
0.188917903329
0.17947801904
0.187616853754
0.19081488651
0.19257902155
0.190697337472
0.191271252567
0.195493471982
0.226170463073
0.22526807571
0.196578103018
0.201676375562
0.222247360154
0.23678437903
0.230880084177
