0.166666666667
0.17335600907
0.225405486269
0.183752204586
0.175461388259
0.169886936256
0.194841269841
0.168509070295
0.174249128664
0.179596560847
0.171327790375
0.167972239401
0.170617205215
0.173122952885
0.166383219955
0.168910619803
0.187494226085
0.177146646844
0.168146888385
0.181567302847
0.212166985902
0.180825641143
0.177662037037
0.169831821618
0.183172188629
0.174319727891
0.170477450239
0.167632485093
0.172201751071
0.206457467246
0.224661963551
0.28566011718
0.307424369748
0.360181541991
0.392654694556
0.431000345136
0.400090813769
0.401771646719
0.411661140797
0.395418476301
0.4384374178
0.500281132448
0.507299971677
0.530298722046
0.566027893396
0.630653341185
0.653296657704
0.744688926736
0.811736858982
0.882837497205
