0.1
0.105734681985
0.113277176527
0.102150402838
0.107017869168
0.101564273689
0.101778998779
0.104702155483
0.105317099567
0.10086038961
0.10091005291
0.104787101787
0.100285714286
0.110746235632
0.101827228327
0.101891053391
0.104172484922
0.0998636363636
0.101191197691
0.105953239221
0.102570707071
0.105813783439
0.101054834055
0.107057054057
0.100751322751
0.104284271284
0.100456469456
0.102789321789
0.104197108117
0.109163899372
0.113302720308
0.101218253968
0.105347402597
0.103491883117
0.102022727273
0.103464646465
0.102142135642
0.100632756133
0.102713758464
0.105183896791
0.101006613757
0.110499259889
0.099937950938
0.104293317793
0.1
0.104141053391
0.102066257816
0.102891053391
0.1
0.103177862812
