0.25
0.674143407934
0.936684487476
0.970711230957
0.97994626938
0.984851702017
0.987718102649
0.989759014903
0.991201724906
0.992290054364
0.993128072216
0.993816043376
0.994369601514
0.994834697784
0.995225011013
0.995562978497
0.995853865878
0.99611151118
0.996336238154
0.99653676597
0.99672112074
0.996886409683
0.997032735309
0.997282833459
0.997400148473
0.997508375288
0.997607281579
0.997699206261
0.997783628855
0.997862528045
0.997936100767
0.998004382143
0.998068599822
0.998128714303
0.998185285169
0.998238164342
0.998288385965
0.998335936025
0.998380334118
0.998422813644
0.998462872966
0.998501327301
0.998537997003
0.998572759277
0.998605958605
0.998637619926
0.998667671234
0.998696444305
0.998724178782
0.998750732637
