0.125
0.130034052648
0.129385872615
0.13162037037
0.125771604938
0.140248236787
0.124783424523
0.126167052469
0.131961805556
0.130025762677
0.12924382716
0.132977263162
0.127179783951
0.126760223765
0.126890432099
0.131189419447
0.126201248597
0.131716031846
0.131774691358
0.12892848944
0.129626736111
0.124710648148
0.132764863416
0.137934601086
0.132014877308
0.128086419753
0.127847046857
0.128782091751
0.126318742985
0.131404320988
0.131356534091
0.131539088805
0.127314814815
0.132424693362
0.133226974607
0.135961174242
0.14005479137
0.135788690476
0.12674452862
0.127960353339
0.13624964927
0.127115337402
0.128231095679
0.129129840067
0.150907854684
0.129664351852
0.1324737425
0.127700617284
0.127309992284
0.13314689747
