0.166666666667
0.435917228534
0.68604073147
0.786566141086
0.910463492057
0.952099495392
0.966122085971
0.974089454254
0.978991436468
0.982316824748
0.984587489227
0.986848167676
0.988190890959
0.989262249267
0.990127129757
0.991265637254
0.991884477133
0.992440636074
0.992913209278
0.99333049658
0.993697330087
0.994025728514
0.994322685311
0.994595877633
0.99483851089
0.995060853642
0.995267136461
0.995522201085
0.995694218979
0.995853291716
0.996002128587
0.99614031166
0.996269052036
0.996389927527
0.996503018439
0.996610163666
0.996710465168
0.9968039077
0.996892154739
0.996974921675
0.997054260551
0.997130035268
0.997201345831
0.997267513993
0.997332974644
0.99739454171
0.99745390465
0.997510887149
0.997565237983
0.997616295952
