0.166666666667
0.369939652766
0.699777719809
0.820531326558
0.860868805531
0.891844532125
0.919325514581
0.941363221296
0.952267961443
0.961385485298
0.967961824994
0.972340532983
0.976347752167
0.979387849666
0.981504434009
0.983150188909
0.984600250056
0.985733077063
0.986871752051
0.987807945803
0.988598408884
0.989166510057
0.989812741043
0.990426930234
0.991034224049
0.99151340277
0.992060672226
0.992462730282
0.992850619832
0.993201692198
0.99350300774
0.993796575478
0.994088852389
0.994419301344
0.994660616351
0.994828467743
0.995036748111
0.995251530787
0.995391902387
0.995508762922
0.995625779814
0.995779231586
0.995890397224
0.995992251443
0.996139940384
0.996279005639
0.996370774653
0.996498732666
0.996578557827
0.996654652028
