0.0714285714286
0.0731442457936
0.0726830255912
0.0720721145601
0.0729822643343
0.0727464431151
0.0728630499819
0.073191975845
0.0727316774924
0.0729537008256
0.0724026158082
0.0723685456325
0.0720342616213
0.0734186794235
0.0727962018141
0.0728028785919
0.0726309000783
0.0729075558795
0.0729362816555
0.0718549562682
0.0719335621153
0.0722043460241
0.0721486020003
0.0729232213719
0.0729985625202
0.0718900298215
0.0723866719307
0.0731712372449
0.0730532421302
0.0734816610468
0.0725219671202
0.0728796414399
0.0726647534014
0.0722789115646
0.072697172619
0.072483220967
0.0726778211285
0.0721416423712
0.0714378846777
0.0732679080035
0.0728969524318
0.0728814129819
0.0727284023729
0.0726899092971
0.0716597829608
0.072245505345
0.0722943850159
0.0737388392857
0.0724718577907
0.0730251440854
