0.25
0.948795266327
0.977193383651
0.985276728056
0.989183925883
0.991465724708
0.992967837917
0.993994491706
0.994770026627
0.995371064863
0.995849805117
0.996237967401
0.996561505462
0.996833104144
0.99706175252
0.997262844727
0.997437116421
0.997590467495
0.997727527838
0.997849596702
0.997959441368
0.998059097996
0.998149017122
0.998230801992
0.998305662318
0.998374628587
0.998438057906
0.998496726535
0.998551076163
0.998601693123
0.998648833733
0.998692959427
0.998734341711
0.998773258516
0.998809596929
0.998843896033
0.998876329396
0.998907041684
0.998936157656
0.998963590533
0.998989793198
0.999014564561
0.999038095779
0.999060666315
0.999082100377
0.999102686143
0.99912241884
0.999141271096
0.999159285077
0.999176591714
