0.125
0.127459490741
0.128337191358
0.125760030864
0.128387345679
0.137777953143
0.127761994949
0.132512626263
0.132960619452
0.127321829405
0.129319760101
0.128519570707
0.137987827969
0.132342785494
0.137989780281
0.129769921437
0.125048225309
0.131383101852
0.131697180135
0.128658108866
0.140028935185
0.125214423273
0.129833148403
0.13289983165
0.132372493878
0.134361121132
0.127446338384
0.131439130892
0.133231781196
0.134772201178
0.128587962963
0.12712191358
0.126871141975
0.13188973064
0.130560657076
0.135178927852
0.127668174804
0.124903549383
0.129268298515
0.127873263889
0.125819830247
0.142601870983
0.131782232043
0.130381944444
0.126550925926
0.130260942761
0.127314814815
0.126249035494
0.129413213575
0.126065779321
