0.0714285714286
0.0730181624292
0.0714100967768
0.0724187958914
0.0741952511365
0.0740608135615
0.0718675236712
0.0729205450782
0.0723919528129
0.0718498187966
0.0743887568668
0.0723140317635
0.0727643246038
0.0719311831876
0.0714408878631
0.0719834647649
0.0718034212693
0.0733172990178
0.0732143068041
0.0719453555232
0.0720625303693
0.0717833543388
0.0723858789548
0.0719035239344
0.07232863706
0.0723795098397
0.0718892883294
0.0729112508098
0.0719488986071
0.0746421336392
0.0725568921878
0.0724411869162
0.072635341587
0.0725564109572
0.0715921227122
0.0727176381465
0.0734166738372
0.072607564231
0.073121494686
0.0778088342119
0.0721871520185
0.0734465526944
0.0722904835297
0.0722746408831
0.071853108803
0.0722666900341
0.0718955836303
0.0739387201314
0.0719714224976
0.0719487298888
