0.1690287226
0.183187673217
0.176331591138
0.174611048123
0.167020975057
0.186458548066
0.172867063492
0.173044217687
0.186451509616
0.186533131771
0.171201814059
0.205581860269
0.206754874314
0.237290044037
0.240941515495
0.2564512002
0.252804210765
0.273932877549
0.258697393974
0.277991937516
0.30455488514
0.276697238035
0.282340199043
0.295635766002
0.275054333422
0.29100601916
0.277983772491
0.283827099216
0.316306387671
0.29873193548
0.363832380925
0.3948255319
0.458895888946
0.483421337961
0.48917650638
0.493816568433
0.535521151922
0.52357998229
0.549737522636
0.534249311306
0.584083219901
0.608967810563
0.632438427918
0.659363207454
0.659357878772
0.678509449801
0.763135241661
0.784927596969
0.808970111175
0.810343927793
