0.1
0.110459667069
0.258887699702
0.371500874083
0.507440660969
0.548446553932
0.572715836592
0.612916552031
0.632936924379
0.643480279989
0.660659373883
0.671125859246
0.676279202187
0.680239796365
0.68298537232
0.685143098603
0.686672485786
0.687815701751
0.688795814342
0.689581066048
0.690162400667
0.690850152686
0.691156869003
0.691661125443
0.692138512853
0.692562770537
0.692856598273
0.69321919882
0.693488141903
0.693822193261
0.694035005735
0.694285487462
0.69448466205
0.694686197084
0.6949268205
0.695077748165
0.695239829061
0.695394496054
0.695527170175
0.695529946927
0.695651974288
0.695780123376
0.695904277981
0.696024949657
0.696131713814
0.696225918158
0.696310985528
0.696389235949
0.696473850884
0.696563000942
