0.0833333333333
0.0914942453189
0.0974202264281
0.0964013513507
0.107257677023
0.109004283012
0.111869058566
0.127450273111
0.127926399529
0.147241103871
0.152251909186
0.174316420537
0.207165235351
0.223180973162
0.250780163651
0.281678257586
0.304873520534
0.338336725404
0.363752640608
0.423743717795
0.467716825273
0.533863721502
0.577417690263
0.606983946748
0.641741011062
0.65769609282
0.675228754084
0.682340187042
0.694038601354
0.704059627776
0.711679566254
0.717466863939
0.71785593079
0.719620928664
0.722278170307
0.736076486628
0.742988044068
0.761013067075
0.780506661086
0.790606547881
0.797280163565
0.801166045091
0.828270636152
0.84279090998
0.850894456029
0.882521293553
0.910514869809
0.931125471386
0.941955405336
0.950278354297
