0.166666666667
0.284550265527
0.578622250721
0.592585318809
0.634644961755
0.838382891958
0.938988416315
0.959873041818
0.971230650546
0.977834466349
0.982162316636
0.984791197404
0.986707420714
0.988186075105
0.989633834418
0.990538627275
0.991547892124
0.992258238665
0.992793587609
0.99339509726
0.993799294745
0.994156938462
0.99448853871
0.994917474632
0.99518018625
0.995407326204
0.995606159443
0.9957898817
0.995960571285
0.996122192492
0.996271822684
0.996411861765
0.996541903602
0.996663176913
0.996776622349
0.996880109987
0.996980343688
0.997076661195
0.997164878398
0.997244332961
0.997320526728
0.997392831429
0.997460785558
0.997525687583
0.997588767217
0.997645490117
0.997704743537
0.997757186347
0.997808293324
0.997856300642
