0.0833333333333
0.151591211229
0.226098452374
0.261456472408
0.33315054794
0.406170908991
0.454684125619
0.479722422049
0.49795381781
0.523906357353
0.540449776272
0.548668130328
0.556955367438
0.567767207233
0.56823957165
0.588854890782
0.59620710908
0.628631404313
0.633693017223
0.681579253883
0.734498123994
0.772668423336
0.815357517234
0.851184804372
0.85895244882
0.868142615758
0.879749593042
0.912949106953
0.939000429707
0.948562838811
0.958205054314
0.963456084929
0.967021701088
0.969954461609
0.972525024135
0.974174128994
0.975890950797
0.977399206813
0.978814078305
0.979917170441
0.980839226119
0.98171775826
0.982499748001
0.98326398411
0.983893202589
0.984509806039
0.985068044528
0.985534789542
0.985994575958
0.986399458877
