0.166666666667
0.305427601261
0.678997040829
0.780232551608
0.802919622245
0.810949789279
0.816057646939
0.819245105825
0.821354604116
0.822962843872
0.824263559335
0.825287214101
0.825656600248
0.826515839658
0.827062640625
0.827539269062
0.827960990434
0.828316164996
0.828624216596
0.828639880051
0.829025636433
0.828962126224
0.829186646798
0.829383973976
0.829686702111
0.82984707573
0.829987087722
0.830116427636
0.830234867958
0.830342841247
0.830523644039
0.830624511686
0.830714892453
0.830796791248
0.83087749801
0.830813594949
0.830890772758
0.830954852184
0.831019593958
0.831081533525
0.83114044896
0.831196252193
0.83125017542
0.831299854617
0.83134534466
0.831393624708
0.831438572177
0.831479352716
0.831520523487
0.831556886498
