0.0833333333333
0.0841027301531
0.084500336593
0.0844646831396
0.0847696450375
0.0842165735342
0.0848214285714
0.0847710077621
0.0854067512231
0.0884624822745
0.0844341263842
0.0857900589689
0.0839540543782
0.0845319469363
0.087397275442
0.0848152963108
0.0849692517422
0.0839212228101
0.0849581817681
0.0838966577168
0.0840773809524
0.0884264080751
0.0845649767844
0.0833476419414
0.0857417579534
0.0853279987209
0.0891554637728
0.0841032727193
0.0862970321676
0.0855005196523
0.0856174543993
0.085886185849
0.0866578162851
0.085847443373
0.0856397756837
0.0846856103553
0.0857510230384
0.0841852002256
0.085984577087
0.0842318284787
0.0847201976029
0.092428507608
0.0843770289455
0.086245481162
0.0839052883058
0.0840124244142
0.0854264782836
0.087060680669
0.0839578072784
0.0845846043444
