0.125
0.256538276319
0.361371879437
0.444135798038
0.520772643199
0.598209913583
0.674059463684
0.770188233129
0.813416115709
0.830240674405
0.838425093448
0.845251079807
0.849323791539
0.852537001686
0.854769916266
0.856675287857
0.858288752696
0.859804180464
0.860981386266
0.862108409566
0.86297990181
0.863711890192
0.864475622272
0.86504713454
0.865666224574
0.866231153422
0.866627463045
0.866964813922
0.86730824886
0.86761984946
0.867912822284
0.86819721802
0.868451907877
0.868733080988
0.86894865986
0.868986130719
0.869191844922
0.869371255526
0.869531436092
0.869680509529
0.869830888386
0.869976898054
0.870098877841
0.870229148002
0.870354404098
0.87046571272
0.870579687831
0.870686551507
0.870785918477
0.870877963566
