0.1690287226
0.209529392565
0.195016563023
0.174272486772
0.177662037037
0.174616953263
0.171130952381
0.174593726379
0.17399691358
0.169475938524
0.178240740741
0.171768707483
0.171437494751
0.174130763416
0.171603363568
0.181564153439
0.17898872512
0.1690287226
0.170422335601
0.197222585615
0.170564058957
0.179632385362
0.177443546863
0.169560185185
0.165887188209
0.174934912236
0.179298416898
0.181260235576
0.236088159801
0.199190359905
0.19492182838
0.179794627587
0.179047120391
0.19792989418
0.169557823129
0.187685385602
0.185401899688
0.174698837868
0.185522386564
0.174040217939
0.168595679012
0.178329973965
0.179182413706
0.186601631393
0.174468537415
0.169997165533
0.17380952381
0.168253968254
0.172417318499
0.172193877551
