0.1
0.111547484239
0.125162190602
0.139722985889
0.219313250101
0.25117053922
0.29588658318
0.334546208715
0.384362645824
0.390937621647
0.445461368318
0.477415030841
0.51280558141
0.55503550339
0.582182615512
0.651492953006
0.702063292022
0.725354167468
0.744407448011
0.782094798446
0.812909205527
0.827567918767
0.840407183576
0.853984546586
0.872632462028
0.91829167146
0.935910803662
0.94679356271
0.954658200219
0.959717571908
0.964065988334
0.967497729194
0.970082305102
0.972081345453
0.973985786955
0.975562253763
0.976971011984
0.978170910062
0.979138281341
0.980319556036
0.981163054674
0.981871486957
0.982574112243
0.98329392325
0.983928681711
0.9845342354
0.985037696909
0.985573485164
0.986039295722
0.986452639997
