0.25
0.658456963134
0.918694748698
0.961884419731
0.975954187096
0.981787295024
0.985328306888
0.987802958506
0.989535882383
0.99109804544
0.992108679836
0.992892439968
0.993561044607
0.994106098281
0.994949460042
0.995310039617
0.995612925581
0.995890902149
0.996135111304
0.996351154535
0.99654322933
0.996715750321
0.996873728308
0.997018588977
0.997148959259
0.997267565897
0.997376765361
0.99747966998
0.997574155905
0.997663219395
0.997745055797
0.997821808109
0.997891931842
0.997958546365
0.998021313406
0.998079803616
0.998134992073
0.99818723645
0.998236218711
0.998282768708
0.998326907456
0.998369260583
0.998408619607
0.998446598055
0.998482513005
0.998516886208
0.998549752808
0.99863499452
0.998664236564
0.998692085002
