0.25
0.93264345883
0.972533701886
0.98333247967
0.987781491072
0.990387337891
0.992072824347
0.993490131422
0.994335663338
0.994993344271
0.995515189491
0.995928756072
0.996279616146
0.996575571318
0.996828199533
0.997046551846
0.997234215497
0.997399183411
0.997544524875
0.997674712732
0.997792024544
0.997899044693
0.997996059466
0.998083940763
0.998164411728
0.998238835459
0.998307210653
0.998370846758
0.99842944438
0.998484530463
0.998535532981
0.998583551491
0.998628401616
0.998670744459
0.998710135357
0.998747882551
0.998783084719
0.99881622704
0.998847591848
0.998877361356
0.998905863113
0.998932789675
0.998958381053
0.998982857853
0.999006027796
0.999028059558
0.999049631016
0.99907051793
0.999090204272
0.999108594642
