0.25
0.318855406746
0.83230417872
0.945971269442
0.968112711048
0.978491002827
0.983553796096
0.986748983097
0.988877258979
0.990513313984
0.99167257114
0.992629467103
0.993356233179
0.993952144394
0.994465843297
0.994897395021
0.995270745439
0.99558379723
0.995856627617
0.99609642431
0.996312261412
0.996509749963
0.996685131809
0.996851605047
0.996997425724
0.997130282259
0.997245699997
0.997356981647
0.997458956259
0.997559029235
0.997647389365
0.997731671143
0.997807962511
0.997877942998
0.997943998816
0.998005831065
0.998062724948
0.998118611478
0.998171186113
0.998218999626
0.998265710882
0.998311996892
0.998353947318
0.998393693824
0.998432314287
0.998470950923
0.998506247652
0.998539250307
0.998572210742
0.998602557216
