0.25
0.258035714286
0.290550595238
0.272916666667
0.514462832398
0.847732988339
0.927139606578
0.951903920824
0.965728713723
0.973464764841
0.978124990896
0.981403685643
0.983876755731
0.985695203005
0.987194848639
0.98841614176
0.989395623539
0.990250837604
0.99096444466
0.991589832316
0.992137496804
0.992609486345
0.993034479192
0.993416159728
0.993754861797
0.994059597554
0.994336060669
0.994591126814
0.994822874119
0.995034094748
0.995229856468
0.995409796942
0.995577229078
0.995735217085
0.995879254793
0.996016060541
0.996143334813
0.996261781317
0.996373945741
0.996479280736
0.996579362564
0.996674314483
0.996764134683
0.996847159322
0.996928011049
0.997004589627
0.997076430976
0.997145900474
0.997212309131
0.997275504913
