0.125
0.184697961099
0.224149029021
0.480081555109
0.656376053369
0.703616715758
0.731328726279
0.733106945631
0.761593797956
0.808811331332
0.83551266235
0.847634343699
0.852550709175
0.855804018179
0.858403535221
0.860263774069
0.861801637697
0.863070255073
0.863964031717
0.864742451474
0.865048064314
0.865789386529
0.866341814924
0.866878523057
0.867358382794
0.867721263193
0.867793569881
0.868115036587
0.86840098392
0.868812688586
0.869078546906
0.869306373158
0.869526779095
0.869723973912
0.869902625206
0.870137784113
0.870287260712
0.870427400476
0.87057400973
0.870705167626
0.87082854025
0.87093879142
0.871052963485
0.871156367936
0.871260297454
0.871221418747
0.871314016349
0.87140003733
0.871484539683
0.871565872334
