0.0714285714286
0.0729895960809
0.0719539135236
0.0741784178949
0.0723112105705
0.0760992994668
0.071899093354
0.0725400241942
0.0719143113595
0.0724440867617
0.072416670041
0.0718315550427
0.0735429990724
0.0713055758017
0.0749006566912
0.0732605869954
0.071737983884
0.0713747502969
0.0713887539143
0.0737894340637
0.0727228220157
0.0713769963591
0.0719330390887
0.0729359321854
0.0714347296458
0.071890606441
0.0722285343949
0.0738067758105
0.0719134677681
0.0727444917699
0.0742373916445
0.0740658300771
0.0736092509921
0.0740169355192
0.0714408878631
0.0743401934186
0.0718637296188
0.075104038019
0.0725485749855
0.0731440778196
0.0714516647433
0.0724697319404
0.0714164237123
0.071990719651
0.0720619398553
0.0732527683693
0.071445506526
0.0727279658143
0.0724619718919
0.0722450940942
