0.0714285714286
0.0960855488133
0.0827099023213
0.0973418453021
0.121400502313
0.140510656646
0.149420270199
0.175991388622
0.216508645182
0.252852861689
0.292800805812
0.332973831589
0.380526680989
0.443970153747
0.500570884284
0.530036554311
0.568956213189
0.60925455414
0.633175523413
0.658802743801
0.683948806559
0.707172387113
0.720392624607
0.729879674751
0.733619034824
0.739140042011
0.743950766474
0.748210172172
0.751757730641
0.754339605729
0.759076823742
0.759142380161
0.760377681839
0.782634654187
0.799966080703
0.820739752153
0.845260430788
0.864081687995
0.877199120881
0.884282136511
0.888956958166
0.893945150909
0.89636915996
0.905883847088
0.914470119861
0.936399663354
0.949753582753
0.957280233772
0.964801735973
0.967239101706
