0.0833333333333
0.101530832178
0.111985873769
0.107656398004
0.117056060242
0.128718206949
0.145886068857
0.173064889915
0.183464781602
0.185078415918
0.19619399742
0.206367999401
0.204552333036
0.217967626179
0.221958551088
0.222059625167
0.222777834074
0.226523568317
0.231539204486
0.24418748679
0.269836763706
0.295299642463
0.307197172297
0.290678813616
0.294396162091
0.308100250367
0.309277881394
0.324646551023
0.345714673625
0.354078758792
0.356064683372
0.355652966764
0.355153893824
0.365222592617
0.374319645674
0.368699442979
0.382222443426
0.396701953306
0.421379467047
0.430180363392
0.444200702646
0.469528295768
0.488600943671
0.490724609643
0.504636909452
0.514512282725
0.528198930226
0.566674696103
0.590154060936
0.602316758737
