0.0840644350689
0.0847110478807
0.0880646321304
0.0888940053003
0.0849318265666
0.0833592251003
0.0847197722021
0.0848473203384
0.0851214983602
0.0839487548937
0.0847784270403
0.0846302938317
0.0892276542548
0.0873914171684
0.0863514906794
0.0846479587799
0.0851892560545
0.0848260358783
0.0866475227657
0.0847024821833
0.0846753899209
0.0840773809524
0.0833333333333
0.0852922246771
0.0868218575268
0.08728694342
0.0851933189926
0.0866726242966
0.0845345599066
0.0896576630766
0.082976448155
0.0850141178266
0.0839459537376
0.0869578021736
0.0848541339613
0.0848656197827
0.0840324110413
0.0840933677305
0.0833333333333
0.0840124244142
0.086404168276
0.084927121742
0.0878123151047
0.0846539951451
0.0853963901902
0.0831960503357
0.0864945682257
0.0855004634129
0.0852998829009
0.0831117139401
