0.126181520062
0.127218364198
0.128472222222
0.130136784512
0.126866319444
0.13106867284
0.128198302469
0.127597152076
0.129235497334
0.128115354938
0.131135223765
0.128473274411
0.127199074074
0.133342978395
0.127789702581
0.12622974537
0.126427469136
0.138473687771
0.132460176258
0.126470871914
0.127874228395
0.133074319585
0.131819058642
0.130108024691
0.12818287037
0.129006558642
0.128337191358
0.127539544753
0.131225887346
0.129584122475
0.137621798796
0.131007996633
0.133230729007
0.128783757716
0.132046682099
0.129823041016
0.129907056678
0.128301640139
0.13277425454
0.129072145062
0.12712191358
0.133831983025
0.127853535354
0.129975367996
0.136521079229
0.125
0.126205632716
0.13285634119
0.125
0.128997878086
