0.126999421296
0.127046626984
0.125
0.130673549107
0.140491747835
0.131872078924
0.133027462121
0.145863095238
0.155745996315
0.126502149471
0.124487847222
0.127152502205
0.134657650413
0.126603587963
0.131085069444
0.125
0.128169022817
0.126403356481
0.135356729497
0.131536458333
0.127244130291
0.125921875
0.126746031746
0.128494957011
0.128850694444
0.131635416667
0.130300925926
0.125289661872
0.141385877625
0.129644886364
0.131584633538
0.13138219246
0.136221537226
0.124123263889
0.125089699074
0.124730902778
0.130847497795
0.125
0.129724537037
0.126730324074
0.125179398148
0.127296401515
0.139699074074
0.136939991432
0.129556712963
0.125179398148
0.125
0.129374473906
0.126482721561
0.130652281746
