0.125
0.140167749881
0.199805705242
0.240769308257
0.532747932238
0.816522454705
0.917614225063
0.94769653817
0.96128977845
0.969856128916
0.975011594429
0.978648805005
0.981271958533
0.983337038367
0.985049723794
0.986500656967
0.987641799867
0.988567463235
0.989399079544
0.99009191009
0.990703639142
0.991252168514
0.991758069442
0.992200001724
0.992606133028
0.992962457084
0.993287151588
0.993584184646
0.993857772155
0.994099658157
0.994329755635
0.994540337763
0.994734144222
0.994915321804
0.99508351637
0.995246143726
0.995391009778
0.995527861694
0.995662869682
0.995789233382
0.995907989943
0.996022397528
0.996126698921
0.996227185758
0.996319654133
0.996410010729
0.996500288631
0.996585054259
0.996663050671
0.996738202542
