0.25
0.90352058363
0.962863807578
0.976809640275
0.98310526829
0.986734725281
0.989116104891
0.990794207259
0.992020497146
0.992940350275
0.993673508371
0.994275023172
0.994770007779
0.995189369054
0.99554593281
0.995853820764
0.996120875119
0.99635675252
0.99656727989
0.996752429702
0.99691997235
0.997070940577
0.997206618473
0.997330271707
0.997444276383
0.997547779475
0.997643679042
0.997732072962
0.997814657062
0.997891313622
0.997962520487
0.998029368278
0.998092030577
0.998150436314
0.998205402139
0.998257143493
0.998306291765
0.998353014702
0.998396829169
0.998438606902
0.998478170451
0.998515774181
0.998551484392
0.998585382836
0.998617744325
0.998648426547
0.998678413325
0.99870690709
0.998734186675
0.998760337793
