0.25
0.773300455193
0.944258675915
0.96893615787
0.978447055694
0.983464437296
0.986636120945
0.989104255834
0.990617834003
0.99230400201
0.993128169632
0.993802565166
0.994364064375
0.994833282982
0.995227701089
0.995566469469
0.995859024516
0.996114993956
0.996342401071
0.996542660946
0.9967241548
0.99688676572
0.997034235041
0.997167895017
0.9973930477
0.997501592433
0.997601007089
0.997692723207
0.997778421116
0.997858120148
0.997931802865
0.998000341745
0.998064266898
0.998124596697
0.998181267895
0.998234377759
0.998284962725
0.99833275827
0.998377489429
0.998420288518
0.998460846458
0.998499378404
0.99853569624
0.998570673082
0.99860356458
0.998635505917
0.998665916359
0.99869491296
0.998722796068
0.998749367618
