0.0714285714286
0.084010639078
0.0937195051902
0.119840992552
0.218342121876
0.30091354051
0.373832551077
0.458859988045
0.532515791038
0.579852979772
0.652184236578
0.693830542095
0.713510465887
0.730015094518
0.775411049708
0.794692930358
0.806040980316
0.814996377384
0.820782618193
0.825003272733
0.828068297064
0.830741235501
0.832708443434
0.834475800624
0.835054305564
0.836659251269
0.838212379074
0.839105453103
0.840125559165
0.840893154868
0.842493867445
0.842286219848
0.842937657651
0.843602428935
0.844190144387
0.844784503826
0.84517837951
0.845600771601
0.845975078099
0.846461975525
0.846750022095
0.847006879754
0.847333341143
0.847607673907
0.847895636727
0.848128664019
0.848386384614
0.848633418733
0.848842341615
0.849068597067
