0.0714285714286
0.0906326066775
0.125651538771
0.172448932753
0.216068173985
0.264950299948
0.31552072644
0.35136899309
0.436602513542
0.468713927856
0.484223338121
0.492122207979
0.534487908326
0.599525525434
0.644655336694
0.702184182173
0.741809307219
0.766520920632
0.787262244133
0.798826185942
0.808229371067
0.816417456404
0.823004345108
0.82699978549
0.829786149568
0.8321505187
0.834151463872
0.835832799491
0.837357471976
0.838722765495
0.839925029208
0.84097063046
0.842023718445
0.842770732273
0.843383050519
0.843818615096
0.844415258286
0.844902027534
0.845474198302
0.845983593929
0.846406900291
0.84675691515
0.8471238106
0.847440587446
0.847745559638
0.848024537925
0.84829024444
0.848627271667
0.848874560187
0.849097427689
