0.106833333333
0.243314623431
0.439877847529
0.566140829049
0.60125466879
0.684413321766
0.736734910791
0.754833537888
0.766872537964
0.772220193697
0.77656994048
0.780029580178
0.782545501564
0.784356217274
0.785343819065
0.786620021441
0.787631020813
0.788478026224
0.788977817998
0.789661060681
0.79040141593
0.790938663418
0.791438922651
0.791904850789
0.792284687613
0.792625527601
0.792959818365
0.793242100617
0.793522038341
0.793772027925
0.794000637872
0.79423585455
0.79444464305
0.794618486309
0.794792531294
0.795003862134
0.795163164613
0.795312166945
0.795506857194
0.795639247054
0.795770803723
0.795920394399
0.796033078318
0.796131599002
0.796233624717
0.796323506584
0.796416642444
0.796494321332
0.796574692145
0.796656109336
