0.0714285714286
0.0724449556608
0.072354729094
0.0727467713276
0.074178209449
0.0769941745761
0.0734123575025
0.0731239274421
0.0732663898893
0.0725811902142
0.0719207437877
0.0719696003401
0.0719426937442
0.0720483327259
0.0721412627551
0.0725053146259
0.0718844144801
0.0736006590136
0.0721022888322
0.0733201986152
0.0727603660512
0.072186614229
0.0721355685131
0.0726352728591
0.0723768778345
0.075821642175
0.0738912758086
0.0739220949234
0.0719364888813
0.0721704172741
0.0738912077728
0.0716800291545
0.073233064059
0.0731517502834
0.0724947612974
0.0728117080165
0.0719142776158
0.0723541931654
0.0730160408462
0.0726761418853
0.0723941377146
0.0740002369996
0.0729770836906
0.0723167772011
0.072595244447
0.0731416376074
0.0734539837761
0.0720672435641
0.0731975320766
0.0722111374312
