0.0833333333333
0.119540812395
0.172677827593
0.239315163962
0.322995107397
0.412866753493
0.483995528656
0.575670424255
0.64486821708
0.701973808203
0.730989225971
0.761037169618
0.772605778464
0.799981503411
0.823077208459
0.842881330964
0.85615034612
0.864928322394
0.871507984989
0.876438212747
0.879389347419
0.88219003007
0.884631988312
0.887094504318
0.888970424181
0.89058973198
0.891979454821
0.893400019013
0.894659217786
0.89577292568
0.89671405929
0.89761652085
0.898404878775
0.899136763964
0.899851553482
0.900504813103
0.901065750736
0.901625000677
0.902129870917
0.902600305022
0.903071090998
0.903515123425
0.903927144388
0.904285599939
0.904654967186
0.904957169534
0.905259011304
0.905565452358
0.905834393991
0.906103384264
