0.25
0.703995557683
0.729885985165
0.736179328085
0.741009866719
0.74186809162
0.744167816242
0.745068706989
0.745748099654
0.746238094047
0.746654563097
0.746978701974
0.747288721706
0.747518447734
0.747878107111
0.748015882412
0.748138836514
0.748255268763
0.748337997178
0.748429297854
0.748510574727
0.748586817185
0.748666979958
0.748723050775
0.748773251009
0.748825936809
0.748876421706
0.748913917545
0.748954532222
0.748992922826
0.749023842723
0.749054661702
0.749083765421
0.749111515067
0.749139825282
0.749164524453
0.749188972981
0.749212321341
0.749233755352
0.749254946524
0.749273532027
0.749291215482
0.749309508195
0.749323926939
0.749339523389
0.749354673424
0.749368488919
0.749380682709
0.749393246071
0.749405965507
