0.0833333333333
0.0862418460056
0.0977424403349
0.0884790608284
0.0905420807118
0.100228553642
0.133894191993
0.17961403817
0.251250498498
0.289370060791
0.339956075523
0.357110825276
0.402584409623
0.456183635553
0.47939437963
0.517755406771
0.50911671328
0.516739819701
0.528193125477
0.534449612194
0.550815414175
0.576003002158
0.608765185158
0.660182969765
0.676693514071
0.709468789324
0.762508022551
0.777585470635
0.785996456377
0.795026016159
0.800627432114
0.803944539094
0.806595576392
0.809330278995
0.810673542391
0.812202123527
0.813592004324
0.814888796279
0.815963958681
0.816770526949
0.817706888461
0.818522348196
0.819163037754
0.819833288244
0.82040718754
0.820893203818
0.821359404628
0.821738816868
0.822139196186
0.822512408454
