0.0833333333333
0.168855045165
0.260574845175
0.363644376193
0.44925824187
0.536409365572
0.575239426958
0.633201104401
0.67519705302
0.736536534007
0.770270971257
0.787158565113
0.796029554598
0.801429445856
0.806145151924
0.809191686766
0.81157191119
0.813622262303
0.815208981824
0.816455121304
0.817644773199
0.818630951274
0.819505018257
0.820264144482
0.820980265182
0.821579886165
0.822136089897
0.822738314629
0.823263181314
0.823785384364
0.824158357378
0.824506254135
0.824864213518
0.825172320203
0.825469398259
0.825734970243
0.825973123727
0.826061457363
0.826285130585
0.826499178762
0.826733134196
0.826928236205
0.827096511004
0.827263644878
0.82741468826
0.827576647429
0.827729729769
0.8278564555
0.827991438073
0.828120706197
