0.125
0.133297619048
0.126001157407
0.132723084448
0.12699198082
0.125
0.12778053351
0.129327876984
0.127322916667
0.132633790785
0.150456020638
0.130268477183
0.12662037037
0.12708912037
0.126111111111
0.12740234375
0.125
0.142023809524
0.125089699074
0.128166552198
0.129580144558
0.128742559524
0.150645599192
0.131138392857
0.150810185185
0.179721451381
0.168935185185
0.128465277778
0.128139302249
0.135958829365
0.128627604167
0.125
0.131400500541
0.129839340829
0.139753237985
0.134099165013
0.133435295414
0.13325160083
0.125179398148
0.125
0.125109540344
0.130204951299
0.129169687951
0.13636135349
0.125521453373
0.128391203704
0.126769345238
0.125089699074
0.127395833333
0.129767691799
