0.0833333333333
0.0901520864756
0.101977775284
0.121640275566
0.13802463012
0.143086293124
0.139281950879
0.153612021404
0.170649652427
0.162395677394
0.160704197686
0.169508384838
0.167781124823
0.169579178161
0.184784328794
0.191229807471
0.19055465955
0.198972595852
0.208772450683
0.20719384532
0.205987619826
0.216623602145
0.219843363408
0.222896847156
0.223526242929
0.222845664613
0.228420387736
0.234507886859
0.228152616435
0.223150129736
0.228238579722
0.235294967545
0.233263952707
0.231003511331
0.233118813448
0.245767148972
0.228136208469
0.250180082599
0.269089910887
0.279245241994
0.282066470921
0.302567654744
0.316667136025
0.327251765614
0.35971290198
0.387306598937
0.404725531568
0.429345467192
0.447627753629
0.461161562649
