0.1
0.101191197691
0.102067460317
0.103653920154
0.102660894661
0.101994949495
0.100203978561
0.0997640692641
0.1
0.106403318903
0.103493916797
0.104595658971
0.102906204906
0.10094973545
0.102093494468
0.101533549784
0.102376984127
0.102569264069
0.101615800866
0.102285817357
0.104727583373
0.107906306326
0.10530026455
0.102573352573
0.104355255855
0.104118686869
0.101212000962
0.102258898509
0.104713397713
0.105026815777
0.10120995671
0.103133311133
0.107936507937
0.102595626596
0.106187890813
0.1
0.101897486772
0.100031024531
0.101236652237
0.105593819144
0.103340920984
0.10152507215
0.100959235209
0.10110966811
0.104161993562
0.0999877344877
0.101643286608
0.106316937031
0.0996191678692
0.101925796426
