0.0714285714286
0.0965086300291
0.132906999203
0.151550488138
0.182464662503
0.187689742768
0.236696637946
0.28009275178
0.307957385953
0.347582170535
0.349259964451
0.374783361561
0.391014020986
0.431372049748
0.467739025021
0.474844825252
0.482647230438
0.49754082132
0.52924758422
0.577801812535
0.607542499325
0.628884961149
0.623400405621
0.632606565137
0.645128033187
0.661392877325
0.676879141066
0.701009922403
0.726962020965
0.741767772926
0.747923622874
0.753783235256
0.759053001893
0.761761987999
0.764665494735
0.766697899772
0.767698983761
0.768931946425
0.769902045122
0.770626924397
0.771511124905
0.77226626333
0.772800439498
0.773629879016
0.774171849923
0.774854599541
0.775332487452
0.775694281707
0.776026276885
0.776334269186
