0.0833333333333
0.135648554943
0.243388328583
0.378849990312
0.554171449417
0.651961384922
0.698699433936
0.759074444682
0.779473288751
0.789250342592
0.796942996925
0.802685335342
0.80591567227
0.808650543716
0.811097325548
0.812934879015
0.81418978714
0.815863170532
0.817130172119
0.818474295484
0.819283570184
0.820072608964
0.820827297885
0.821571587749
0.822211200756
0.822769517978
0.823291479319
0.823812112825
0.824226456567
0.824697446492
0.825049097363
0.825359995542
0.825639548556
0.825939057569
0.826173309982
0.826376594488
0.826602753167
0.826808968366
0.827016217514
0.827218458797
0.827402298774
0.827549718774
0.827682641378
0.827838793057
0.82797957707
0.828117599563
0.828251416316
0.828284559409
0.828365817805
0.828476745701
