0.1
0.0999769119769
0.102094239094
0.0997602212602
0.0996284271284
0.101228715729
0.104129283415
0.108020720021
0.103596230159
0.11003420257
0.101757575758
0.10724537037
0.10021031746
0.113883666888
0.0999069264069
0.102728406514
0.102346139971
0.100442973693
0.102402958153
0.10116017316
0.10150974026
0.1
0.103224446849
0.102776879583
0.112860720629
0.100461519962
0.103392376142
0.0998036487322
0.101992475778
0.103073412698
0.101028138528
0.103601641414
0.0999069264069
0.099937950938
0.103658402204
0.100613275613
0.102860556111
0.1
0.101217661968
0.107141409233
0.104378467212
0.106115800866
0.101194805195
0.0997835497835
0.0999413179413
0.104399470899
0.101378787879
0.100958479351
0.102119356834
0.101243145743
