0.0714285714286
0.072946960034
0.0722744827098
0.0730705027985
0.072708104075
0.0722709232503
0.0734739044427
0.0731967161865
0.0726474815333
0.0721627743359
0.0721641037367
0.0730192642533
0.0721959259894
0.0725297872125
0.0727408284742
0.0735000661679
0.0726567814626
0.0750910215277
0.0722633570235
0.071402124838
0.0731669230192
0.0732827836433
0.0718890711046
0.0725926918386
0.0721894233884
0.0753732652209
0.072772205696
0.0726373356882
0.0730116555551
0.0718695335277
0.071626199587
0.0722599396902
0.0732872717539
0.0728839028609
0.0716460661646
0.0725412769274
0.073705322903
0.0731951173326
0.07391119473
0.0727939449589
0.0727315837049
0.0741775394368
0.0724358195659
0.0723423521194
0.0734043468578
0.0717262242198
0.0719412526916
0.0722542112083
0.0716684888241
0.0734411621792
