0.1
0.109167319453
0.184589373764
0.222675871073
0.264034966401
0.297988499823
0.31954294978
0.376086417193
0.479688779076
0.521088060541
0.568978359797
0.610856664239
0.704353994631
0.730224204118
0.751580277548
0.7657086388
0.772396157241
0.77845192516
0.79883418673
0.804681241997
0.820277702407
0.832380275388
0.858022061182
0.867385242851
0.874574853152
0.877713263879
0.88050932455
0.882712142626
0.884273046354
0.885569604903
0.886523711739
0.887289120982
0.888034827174
0.888698785139
0.889228956965
0.889713008646
0.890176966778
0.890604227333
0.890980711014
0.891349516457
0.891668031364
0.891974061252
0.892259043352
0.892502034959
0.892765268942
0.893005261024
0.893220783672
0.893420068046
0.893617490947
0.893775798043
