0.1
0.325985735637
0.590501881473
0.638791042459
0.691098725362
0.72219018055
0.750603047762
0.761905487783
0.771706103196
0.776447249163
0.780479808021
0.7829820311
0.784727115444
0.786273043399
0.787590257865
0.788569993733
0.789363777925
0.790089898615
0.790724785542
0.791257626945
0.791743374688
0.792200156337
0.792620385711
0.792994780136
0.793305217189
0.793601796818
0.793893486723
0.794137064655
0.794384344355
0.794391581579
0.79459728672
0.794782549143
0.794968196273
0.795140348827
0.795301452169
0.795494696904
0.795634204263
0.795759955535
0.795874780444
0.795989698009
0.796145954855
0.796243558702
0.796337347766
0.796426372953
0.796514475945
0.796597264384
0.79667854989
0.796749889058
0.796822767584
0.796893877093
