0.196649029982
0.623527315808
0.787263249071
0.808904781223
0.81746739158
0.821053333632
0.823270516425
0.825128268673
0.826255516199
0.827130676298
0.827792603012
0.828359533522
0.828820711659
0.829188012272
0.829276619183
0.829598185415
0.829853740225
0.830063036094
0.830250833906
0.830413634633
0.830538670984
0.830684657723
0.830811180749
0.830923107233
0.83102441745
0.831119131669
0.831213700854
0.831299736978
0.831368909238
0.831435076052
0.831500752671
0.831564518719
0.83162311596
0.831676676372
0.831773378984
0.831820402118
0.831868011553
0.831907319578
0.83194598183
0.831978923215
0.83201627796
0.83204933645
0.832081388083
0.832110500583
0.832171244627
0.832196966714
0.8322205532
0.832243345451
0.832267928507
0.832289431668
