0.166666666667
0.496661949689
0.702963635152
0.910482946179
0.954710703568
0.96920166958
0.976154250625
0.980882609642
0.983999633784
0.986185282299
0.987829713114
0.989137153033
0.990186052065
0.991068266444
0.991778724227
0.992383638929
0.992915361249
0.993368538685
0.993777182242
0.994123235144
0.994441005637
0.994814652268
0.99506862013
0.995301614247
0.995509660496
0.995699599514
0.995876223104
0.996040622921
0.996191479505
0.996329444587
0.996459225043
0.99658004398
0.996694063972
0.996799039231
0.996899421675
0.996992805185
0.997080952432
0.997163701174
0.997241455345
0.997315236658
0.99738551416
0.997452314724
0.997515685171
0.997576057928
0.99763362919
0.997688052743
0.997740346876
0.997790299149
0.997837793208
0.997883534471
