0.25
0.313456632653
0.271583333333
0.493717010958
0.910417852723
0.96088451346
0.975432263554
0.982233318423
0.985870278743
0.988433309975
0.990209347468
0.991494668536
0.99249443335
0.993269913739
0.993898287699
0.994425438814
0.994854060527
0.995215679755
0.995542318909
0.995817802797
0.996069058051
0.996288351217
0.996486423795
0.996664957826
0.996826942104
0.996973952826
0.997111708427
0.997237015969
0.997348274765
0.997449126824
0.997540130128
0.997628751263
0.997712324417
0.997788214913
0.99785820091
0.997927592113
0.99799311866
0.998052129384
0.998110166669
0.998162385183
0.998212519433
0.998261075178
0.998305485789
0.998348836201
0.998389597598
0.998426962005
0.99846438978
0.998500488453
0.998534147884
0.99856694602
