0.0714285714286
0.0767639926341
0.0769161527337
0.0856613178382
0.092099369114
0.0879739328176
0.0918811842833
0.101918805439
0.109609319898
0.112102886826
0.120979625523
0.12048091215
0.122117699859
0.129772245036
0.125186186773
0.12809401786
0.153555158867
0.174184981953
0.173339652464
0.190146870976
0.19484346293
0.208917247652
0.212638302627
0.214043013959
0.219860955617
0.232055486656
0.237528369568
0.249837836636
0.260520572565
0.263924228432
0.274746030653
0.284256944534
0.294070355684
0.294755880675
0.301772597968
0.301859502726
0.303193799752
0.312466009657
0.31354319129
0.308693330366
0.311260876627
0.312112256077
0.312595550711
0.31596892879
0.311366364837
0.30905666315
0.31757317347
0.318903941381
0.315020851344
0.315878213465
