0.1
0.160379507775
0.292170201583
0.50378696536
0.677517345794
0.728016236221
0.749428687164
0.761082849406
0.768388787881
0.772972732645
0.777176279922
0.780515361258
0.782481851596
0.78424348764
0.785719677005
0.78694667561
0.787931542862
0.788837213476
0.789312985861
0.789943030797
0.790607018285
0.7911753203
0.791740699249
0.79193682032
0.792089588056
0.792242838148
0.792580982994
0.792915732144
0.793157960614
0.793402462013
0.793662155706
0.793939937583
0.79413232643
0.794325444634
0.794520854643
0.794690375789
0.794903763366
0.795063072494
0.795210354844
0.795439742822
0.795568545279
0.795689477352
0.795797946352
0.795899879775
0.795998480262
0.796094916797
0.796178138036
0.796259550799
0.796350157532
0.796430452577
