0.166666666667
0.207017510708
0.171726190476
0.176850749559
0.184249614198
0.185113076867
0.169212962963
0.166666666667
0.178428130511
0.168981481481
0.17333353375
0.221168831169
0.170535714286
0.216685105018
0.170535714286
0.170882936508
0.178149801587
0.166666666667
0.265200617284
0.326880285294
0.467789606117
0.580405099768
0.632625337061
0.642075546988
0.658156419538
0.659264065267
0.675322042565
0.762594121929
0.812790306038
0.923485851061
0.95907329776
0.970125740016
0.976141287219
0.979860462296
0.982426483867
0.984382925012
0.98601010767
0.987234398372
0.988218520586
0.989050379159
0.989738236689
0.990372565313
0.990959795266
0.991459284932
0.991872658441
0.992297092304
0.992662406097
0.99298413822
0.993282747991
0.993553218047
