0.25
0.36853979354
0.511080246914
0.637163953914
0.861055333255
0.937290824659
0.957658155317
0.969339102438
0.975350312148
0.979445780913
0.983072331264
0.985199284274
0.986807347444
0.988100324186
0.989144096799
0.990037021101
0.990791262057
0.991460231868
0.992030607227
0.992522164825
0.992959586363
0.993351249338
0.99369288846
0.99400056126
0.994282468179
0.994536080363
0.99477104386
0.99498677336
0.995188045039
0.995373502637
0.995544213906
0.995701277918
0.995849839198
0.995987240472
0.996118141529
0.996239054304
0.996353687226
0.996460457886
0.996561137952
0.996655598146
0.996746779274
0.996832933815
0.996913170369
0.996990529574
0.997062892488
0.99713160416
0.997198370936
0.997262749977
0.997323388958
0.997382114081
