0.0861342592593
0.110087537203
0.117704182786
0.139268886759
0.177495978261
0.214062087783
0.274357650119
0.349612123851
0.464927355647
0.531884548007
0.588790438166
0.634371565928
0.657228641119
0.704633474085
0.753520132989
0.767701390952
0.798855909605
0.820820649211
0.847240362145
0.864064465427
0.870969719388
0.88139155302
0.89064306293
0.926795711289
0.937964711232
0.952377094995
0.961477643208
0.965390095044
0.968693963867
0.97138864273
0.973292042124
0.975041824175
0.976512861855
0.977690026505
0.978806727545
0.979842657614
0.98068298966
0.981457374784
0.982207295995
0.982900171421
0.983539102502
0.984122588242
0.98468168926
0.985179205923
0.985659962257
0.986106361153
0.98653277338
0.986922126026
0.987288812476
0.987654114991
