0.0714285714286
0.0767891722792
0.0783861789639
0.0770808467671
0.0823446238027
0.077904439627
0.0828070330719
0.0831701617818
0.0871149393411
0.0931919591424
0.0936659396919
0.0855985183588
0.0874588185978
0.101043078259
0.0984095712576
0.100007826485
0.100275365291
0.104346702294
0.106101297745
0.121563596082
0.126216415798
0.122820088298
0.125080779606
0.121976479854
0.129792504519
0.130429403799
0.12865598188
0.143112262641
0.148654855027
0.1668151262
0.182011787846
0.221221074744
0.237622945199
0.251704362092
0.267349692733
0.279082217189
0.292682146915
0.30455684061
0.311027849864
0.314790062404
0.332318704933
0.338650033239
0.350815480611
0.368434622103
0.369772504897
0.379108442005
0.387281692358
0.392334277326
0.409457779116
0.436521613203
