0.0714285714286
0.0732877944774
0.0729755493467
0.0722288022352
0.0720927372685
0.0738122868195
0.0737714382628
0.0722934555278
0.0721435826315
0.0719245188155
0.0719278800585
0.0727691900173
0.0744609935537
0.0724242834535
0.0751666549331
0.0728535111961
0.0718412457989
0.0722776461775
0.0727902439498
0.0743951016667
0.071825143748
0.0732847255966
0.0723765045453
0.071616281061
0.0740457899881
0.0725978734748
0.071961468119
0.074308458916
0.0732734760571
0.0718992005284
0.0719174157758
0.07193683525
0.0723735625202
0.0735035827327
0.0718852285458
0.0728634693528
0.0713485146043
0.071697419047
0.0726612807822
0.0723677677916
0.0735433158879
0.0723461352547
0.0718791019632
0.0727455415726
0.0723967043415
0.0728373219741
0.0732920732777
0.0714408878631
0.0726743038147
0.0726827704048
