0.25
0.917762043577
0.96954055808
0.981872583805
0.986864552205
0.989680058031
0.99185526383
0.993104338813
0.994232311305
0.994912705113
0.995442897491
0.995874684037
0.996231181795
0.996534309732
0.996786029419
0.997007724871
0.99719924174
0.997366090254
0.997517753387
0.997652117455
0.997772780671
0.997881991999
0.997981442228
0.998070001432
0.998151726579
0.99822826431
0.998297958589
0.998361774889
0.998422837738
0.998477377455
0.998529145633
0.998577281629
0.998675178446
0.998716091224
0.998754506591
0.998790675673
0.998824600518
0.99885688502
0.998887597486
0.998916306125
0.998943915169
0.998969869303
0.998994776578
0.999018383957
0.99904085624
0.999062554728
0.999083292463
0.999103035907
0.999121918763
0.999139977462
