0.25
0.276173941799
0.336110789013
0.338460648148
0.680921966023
0.883705285498
0.935078217263
0.959538925431
0.969239676773
0.975530499421
0.979659478916
0.982655359061
0.984777275243
0.986425564197
0.987775045908
0.988871066595
0.989792360264
0.990582614524
0.991263415143
0.991848314125
0.992363429886
0.992817656999
0.993223360965
0.993577773539
0.993902110543
0.994194929337
0.994462820023
0.994707145584
0.994930532615
0.995134557321
0.995324019853
0.995496607865
0.995654951821
0.995806743666
0.99594436871
0.996076926927
0.996200858727
0.996317611834
0.996426375049
0.996529521891
0.996627026218
0.996717752003
0.996805306848
0.996887869265
0.996965862829
0.997040781634
0.997112083937
0.997179970257
0.99724473246
0.997306697387
