0.1
0.101048209366
0.103812160062
0.105259969828
0.100545454545
0.102738521579
0.10269771138
0.102165748393
0.101816804408
0.101454545455
0.106252585022
0.106827700078
0.103878787879
0.101400897083
0.105494737586
0.101371900826
0.101073002755
0.102318817546
0.102661157025
0.102533516988
0.101184343434
0.101938705234
0.103480257117
0.104171699513
0.104850837925
0.102701331497
0.100644628099
0.100760330579
0.101595041322
0.102547061524
0.101492883379
0.100596312778
0.108152021139
0.102745744155
0.101906653952
0.102461823724
0.103553719008
0.104515787243
0.0999889807163
0.105083234947
0.108012986237
0.109802471184
0.103676433512
0.104733024551
0.101232782369
0.105038075561
0.100615702479
0.101274104683
0.10366046832
0.106380682597
