0.166666666667
0.403098361117
0.724868933168
0.785374077995
0.801815370144
0.812048977874
0.81449222191
0.818016063943
0.820940253903
0.822601130036
0.824233454623
0.825144168011
0.825865490125
0.826506089152
0.827059288755
0.827515225592
0.827919175759
0.828298109288
0.828597975004
0.828869509427
0.82908208392
0.829289675972
0.829498791042
0.829654222875
0.829809908675
0.82997734028
0.830117102262
0.830341726178
0.830466883035
0.830578145772
0.830672629178
0.830762140507
0.830847000814
0.830924426181
0.831009571488
0.831081946746
0.831148471571
0.831211187825
0.831269205392
0.831326398316
0.83138050349
0.831426480965
0.831475036769
0.831523896949
0.831569842164
0.831611014874
0.831651377947
0.831690743264
0.831724294806
0.831760360514
