0.1
0.139025944627
0.273662072034
0.363157021115
0.430387569511
0.489233921468
0.541456392346
0.604885296369
0.64975314467
0.703953739481
0.735758856086
0.774165253984
0.810128729774
0.82941533302
0.841140180985
0.849807819001
0.856339045145
0.861258090839
0.865026355224
0.867968438405
0.871002276064
0.873576757454
0.87555376824
0.87698595618
0.878514899611
0.87979236762
0.880971263355
0.881984137821
0.88264061924
0.88316550185
0.883865576035
0.884686871236
0.885289976251
0.885960175216
0.886489566616
0.887028023224
0.887525002897
0.887963004371
0.888403833819
0.888781834452
0.889110491358
0.889336422224
0.889759308347
0.890075177317
0.890335061766
0.890672782796
0.890972253764
0.8911871753
0.891398468349
0.891623010387
