0.265625
0.658002204923
0.93886667094
0.97011427752
0.980021741767
0.984994461841
0.987927815325
0.989910505903
0.991355510089
0.992444751209
0.993288225607
0.993962918733
0.994508116195
0.994963201704
0.995344609758
0.995681561537
0.995966828285
0.99622102238
0.996444735555
0.996643586865
0.996820189007
0.996979409424
0.997124239325
0.997255251535
0.997375553478
0.99748452968
0.997585263629
0.997678273429
0.997764552022
0.997844853894
0.997919051705
0.997988799891
0.998053869829
0.998115296721
0.998172404032
0.998226407467
0.998277412471
0.998325444213
0.998370862196
0.9984139078
0.998454497979
0.9984932435
0.998530171112
0.998565144251
0.998598652174
0.998630660365
0.998661212707
0.998690288524
0.998718111871
0.998744897776
