0.166666666667
0.828825507427
0.958200666702
0.975803792904
0.983540020396
0.987304760463
0.989609119329
0.991327441691
0.992539796371
0.993423089572
0.994140433375
0.99470735681
0.995201151641
0.995601957461
0.995941897415
0.996234540997
0.996482024881
0.99670539745
0.996892994463
0.997066969884
0.997222336482
0.997364710828
0.997491728218
0.997605610117
0.997712795152
0.997806775935
0.997894681565
0.997975521949
0.998051348389
0.998120412273
0.998186209598
0.998241980722
0.99829991156
0.998351912674
0.99840233718
0.99844949371
0.998494462037
0.998537673515
0.998577810428
0.998613613511
0.998649821061
0.99868305633
0.998716380013
0.998747886245
0.99877716659
0.998805399099
0.998832554968
0.998858461273
0.998883239264
0.998906408475
