0.0714285714286
0.077064841294
0.0773732846552
0.0842712419943
0.0970517358105
0.0988173061826
0.0952799181582
0.106092186844
0.119011796011
0.119149267685
0.119901164399
0.118455901753
0.1192412223
0.124315798339
0.125955352534
0.128955810813
0.129975707549
0.129755820753
0.131472906626
0.13299104369
0.131293542774
0.141951107048
0.143600887062
0.14008362603
0.14359478073
0.152444458195
0.147791525426
0.164248259771
0.167995014361
0.169671484427
0.174394556841
0.179696715419
0.187301449483
0.181208272448
0.200698912289
0.212036533048
0.219528777078
0.228049044952
0.228352832697
0.244489293743
0.260357117366
0.262942615694
0.268269915145
0.27611396589
0.282834787827
0.308375307534
0.324211698623
0.334182994594
0.345537970461
0.38223091154
