0.0833333333333
0.0936550245612
0.103668432209
0.114301669558
0.115037287813
0.116225681288
0.125364287791
0.151189484465
0.130712465336
0.131545117595
0.123723312767
0.130740286441
0.146835909738
0.155462359718
0.13485955894
0.145098776009
0.172590892074
0.219060637486
0.237329816171
0.24068215838
0.267306527291
0.316474057245
0.346514056354
0.377591008381
0.416407316689
0.429632816761
0.459962686227
0.499590851346
0.544509150265
0.591152972267
0.625656857524
0.657413981342
0.694169852962
0.712978374487
0.73119044829
0.741124936217
0.752376622851
0.764415433957
0.772571733327
0.778428887789
0.783637401356
0.788585652096
0.793866359637
0.800862787184
0.815471017817
0.829611529608
0.842125101212
0.853659329418
0.864817672079
0.872115488315
