0.0833333333333
0.118041155565
0.177238005395
0.232749394518
0.293943381052
0.367330702615
0.441477989902
0.47742466219
0.501066014305
0.514756121611
0.535256753453
0.566663880937
0.604644977596
0.67098456591
0.726955559545
0.780754357064
0.810890189062
0.83246007553
0.847824697737
0.857623204735
0.865171428211
0.871455253604
0.87510330653
0.878523176998
0.881617416228
0.884119688703
0.886460438713
0.888394134224
0.890136466773
0.89165201793
0.892973583994
0.894247545376
0.895287913963
0.896174334817
0.89700960661
0.897843693996
0.89855890258
0.899311671673
0.8999288435
0.900436444011
0.901027056672
0.902125604677
0.902321390153
0.902761681601
0.903053751008
0.903451747115
0.90386530483
0.904225397808
0.904596139907
0.904878067341
