0.1
0.162215124306
0.190021208589
0.25098623477
0.293364803499
0.378217185461
0.472694278988
0.573752104071
0.634377048781
0.705135418551
0.757931233433
0.809076193032
0.832212814243
0.843936592246
0.853746529282
0.860380398965
0.86467517247
0.868664990256
0.871874633815
0.874121923513
0.876342412725
0.877983920359
0.879094224753
0.880636518619
0.881854290331
0.882898505119
0.883902235691
0.88479545248
0.885547735851
0.886199083914
0.886822442055
0.88737921965
0.887913177535
0.888418883925
0.888864424817
0.889298182492
0.889699272138
0.890043232444
0.890352474231
0.890657587445
0.890924484842
0.891189791316
0.891451338949
0.891682946681
0.891893614793
0.892106247459
0.892294878596
0.892498672729
0.892679359089
0.89283771747
