0.0833333333333
0.084165433925
0.08642614508
0.0848228402143
0.0870789803019
0.0868468286394
0.0845161782662
0.0840450948624
0.0860571332412
0.0846185433411
0.0840084061238
0.0854742784688
0.0857723000443
0.0841003725619
0.0854721679928
0.0839485301024
0.0863751031313
0.0835813492063
0.0864480716679
0.0836708697286
0.0852317554241
0.085153544817
0.0843709607446
0.0856287205875
0.0842260926396
0.0859610786293
0.083809500748
0.0844043999092
0.0847439279788
0.0848159776731
0.0869178099926
0.0866641620488
0.0837305500767
0.0849320818071
0.0856524110302
0.0880505183665
0.0853806236499
0.0876550439374
0.0858653175274
0.0853434569094
0.0848428128648
0.0837295717103
0.0854481840402
0.088412223905
0.0853616591826
0.0869864575926
0.0859589891183
0.0841346153846
0.0866950784258
0.0851279367763
