0.0714285714286
0.0882945012675
0.116389858719
0.151691711195
0.240543711271
0.268401022339
0.332402876441
0.390448629535
0.403508589097
0.458754677539
0.52857658882
0.592356904853
0.645913652255
0.690409284953
0.754679298076
0.787153885154
0.802393619189
0.811099556874
0.817694183812
0.82240793177
0.82639012347
0.829461328639
0.832166412021
0.834147013171
0.835793140673
0.837380680948
0.83865034332
0.839762238085
0.840835442095
0.841464484732
0.842207071977
0.842907596186
0.843595393281
0.844164924377
0.844711062632
0.845221825571
0.845707934042
0.846130188395
0.846510008488
0.846880105467
0.847221962161
0.847533346382
0.847818032878
0.848098872562
0.84836393405
0.848601062916
0.848848035204
0.849054412831
0.849276726178
0.849489551052
