0.25
0.378080143541
0.578799800991
0.718994891129
0.923304328906
0.95296268248
0.966769074517
0.973913384259
0.978521388187
0.981771367759
0.984176639376
0.986000364644
0.987439032991
0.988606374073
0.98955103922
0.990375977521
0.991085637094
0.991696588093
0.992221415163
0.992685752173
0.993096379524
0.993470427578
0.993806679156
0.99411009715
0.994384485324
0.994635175953
0.994862460061
0.995072067134
0.995265117737
0.995444327401
0.995610170901
0.995763425051
0.995906266782
0.996040240665
0.996167057732
0.996284707866
0.996395387615
0.99650055883
0.99659918676
0.996692884145
0.996781710402
0.996865575383
0.996945338732
0.99702134855
0.997092898502
0.997161647285
0.997227376084
0.997290015454
0.997348510768
0.997405350344
