0.0714285714286
0.0922883265197
0.120426899139
0.161772005764
0.177682769818
0.194465310751
0.217061751897
0.262116442843
0.298622593752
0.303573127608
0.341263693963
0.389242236919
0.441678388165
0.476084999743
0.503892545488
0.539613670004
0.566692617076
0.59608626179
0.641434029614
0.673754457078
0.700245298196
0.719932824002
0.750658406194
0.77276014005
0.785899039727
0.798261066432
0.804362253328
0.808273644836
0.812942286922
0.816794546539
0.819665715896
0.82266151987
0.824538669095
0.826757149636
0.834066835908
0.848082126457
0.859587547785
0.86946933642
0.878775612514
0.884916105061
0.896326473299
0.90448196523
0.905833943464
0.908396741251
0.906388821835
0.905532805145
0.90698101234
0.907975108788
0.909237846989
0.916778764769
