0.1
0.100424242424
0.102830366603
0.101122589532
0.106758388077
0.101869887688
0.104355567509
0.115675008558
0.102149315574
0.101726636999
0.100304937487
0.10227289125
0.102193526171
0.101796461115
0.102022497704
0.103481634527
0.101371900826
0.101225100657
0.104347167984
0.101697199265
0.103223067143
0.100636363636
0.1
0.100952532316
0.0999710743802
0.100191248146
0.100890019072
0.102238292011
0.105844372799
0.102465013231
0.101107137812
0.0998333333333
0.101431766563
0.101933884298
0.10546017871
0.102427747078
0.1011359045
0.102950584769
0.101144628099
0.102882231405
0.102778236915
0.103929593134
0.10242056933
0.105317228226
0.105871564527
0.104010544622
0.103080541836
0.100673553719
0.101722048348
0.103036042241
