0.0714285714286
0.0903860905513
0.0955667479434
0.241718684444
0.313211161698
0.356093334579
0.491749554797
0.586719610762
0.646748737985
0.676408402359
0.710231094291
0.745633551321
0.763265115589
0.785614979506
0.800333645741
0.810937217352
0.817102709446
0.821149952622
0.825973985775
0.829052367849
0.831246486226
0.833342030095
0.83491288804
0.836459422318
0.83775043787
0.83894410373
0.84020317678
0.841086989728
0.841911956555
0.84263525556
0.843200677993
0.843840594101
0.844425548682
0.844947732653
0.845408441871
0.845832536407
0.84622698515
0.846599370188
0.846972532499
0.847297508587
0.847592665222
0.847885388853
0.848042750161
0.84831326321
0.848639950814
0.848834454789
0.849104088539
0.849303970519
0.849500502684
0.849677234615
