0.0833333333333
0.0914138847296
0.119947312331
0.124074413464
0.149027229755
0.167847638442
0.181583021064
0.218845230163
0.23304542731
0.247853537236
0.265344105044
0.292314433105
0.298892262541
0.335887154614
0.355551095502
0.377208980369
0.395192951553
0.409462739144
0.415431227667
0.418028303995
0.437599912242
0.462745735742
0.513433054438
0.530726251259
0.569210068426
0.59437523383
0.625338328487
0.650525011651
0.664773149017
0.673762601748
0.689499370943
0.694033852693
0.709284177751
0.731504158703
0.744862572522
0.761902703377
0.771020511873
0.775458844447
0.783752559672
0.789714739404
0.801385135125
0.80792871076
0.810569104092
0.809725669899
0.806602398108
0.808772145874
0.810171974828
0.824146114494
0.831380165162
0.851152921108
