0.25
0.48269969278
0.564696027769
0.881560988135
0.961145837172
0.976296943993
0.983080685888
0.98650421203
0.98880228611
0.990417257567
0.991636583333
0.992595614829
0.993348678947
0.993949358728
0.994466000175
0.994911478703
0.995292038922
0.995605267327
0.995882794214
0.9961276734
0.99635101667
0.996539319582
0.996711982901
0.996877709542
0.997022627061
0.997145798121
0.997264582934
0.997373164335
0.997475381054
0.997569733861
0.997656526072
0.997737341313
0.997811130752
0.997881307282
0.997949586072
0.998011790803
0.99807053442
0.998126112893
0.998177598128
0.998227540358
0.998274132959
0.998319976412
0.998362803432
0.998402665816
0.99843980134
0.998477045904
0.998511701556
0.998545044185
0.998576145501
0.998607493673
