0.0833333333333
0.0988457135231
0.100271368255
0.0906314333941
0.10378147273
0.0950285013845
0.0906014492975
0.0970463388895
0.115823346965
0.136344057641
0.173655851884
0.185874201275
0.205003027587
0.23588849022
0.273189929375
0.301558787152
0.312714031983
0.320190924874
0.342198270827
0.357205061454
0.375015725815
0.391721759376
0.405527935917
0.404307349494
0.425339587635
0.448460547979
0.46641510845
0.480267128455
0.49743978093
0.500840962259
0.50785789892
0.525580459313
0.568798597606
0.601255857768
0.640849547108
0.682264259589
0.706180555317
0.732613986452
0.757387635944
0.769158487721
0.786437164265
0.813292536111
0.839661656863
0.850969758116
0.860870422297
0.866448161829
0.87065139867
0.87487599037
0.878533712445
0.881827575194
