0.0833333333333
0.120620459083
0.182120063822
0.244563976199
0.354982307496
0.485275990481
0.574225087738
0.64795493364
0.67886305493
0.695678412065
0.703438402579
0.712263030027
0.71738337143
0.721484124284
0.724878637057
0.726886963767
0.729041800099
0.730990510893
0.732075080961
0.733273433186
0.734294633172
0.735357442099
0.736272105497
0.737160511755
0.737797949319
0.738436652822
0.738842218938
0.739384726994
0.739881950594
0.740353111969
0.740826392332
0.741205728838
0.74155942403
0.741841766927
0.742139931513
0.742448797711
0.742668592207
0.742902370123
0.743116940201
0.743314375186
0.74352204068
0.743762851495
0.743947590121
0.744092504973
0.744238627111
0.74439927842
0.744527346496
0.744668700093
0.74483756513
0.744992285236
