0.0714285714286
0.0714562281041
0.0737011177126
0.0713043963076
0.0718723848666
0.0739337089453
0.0732835547301
0.0719625995239
0.0735158607094
0.0713944903358
0.0738445882276
0.0727945568108
0.0725728804571
0.0719453555232
0.0722390729605
0.0719299759145
0.072781414153
0.0729691498375
0.0718120680812
0.0721857959454
0.0721874219678
0.0733953393519
0.0730492623637
0.0736035623986
0.0718132491092
0.0712436351029
0.0723877517277
0.0728152880696
0.0729881610382
0.0719254636378
0.0714683889429
0.0723107360504
0.0735848108709
0.0719275557445
0.0748537442574
0.0745717717569
0.0714285714286
0.0729293374096
0.0714074710986
0.0719067115382
0.0726243601359
0.0719306770327
0.0733339798524
0.0737828316402
0.0724327826369
0.0750084177089
0.0722672067339
0.0720193384894
0.072767055731
0.0737769211107
