0.312946428571
0.644841569563
0.706149405311
0.718234208553
0.731549287522
0.737265805381
0.740106449501
0.741743991666
0.742657033604
0.743457586227
0.743800073116
0.744530638784
0.745194753695
0.745833505903
0.745767494056
0.746206868567
0.746475345927
0.746724489779
0.747010510845
0.74702258264
0.747344227683
0.747559770092
0.747672771661
0.747766254475
0.747926387846
0.748082307415
0.748215999447
0.748286591819
0.748346233498
0.748457864279
0.748520724362
0.748619739301
0.748668518919
0.748710117019
0.74864801562
0.748690286751
0.748730833119
0.748767237465
0.748799698832
0.748833829853
0.748596646378
0.748809216401
0.748876230948
0.748901596284
0.748927959963
0.748952210335
0.749005943842
0.749026712536
0.749080890653
0.749100056665
