0.0714285714286
0.0766881947778
0.0769829783681
0.0745737415073
0.0737575739809
0.0774425629436
0.0828789520455
0.0791823836948
0.0817667674145
0.0862644848739
0.101405443257
0.0922829526999
0.109634291397
0.143360742859
0.183140723235
0.209544629795
0.257664469097
0.313543070548
0.336183950221
0.357501503199
0.376884691173
0.420483411211
0.47948571318
0.508265758911
0.517052904448
0.528054234438
0.557923807508
0.561937752982
0.561287793317
0.577538073844
0.586659723624
0.618660415513
0.642675893112
0.66682085943
0.68521866827
0.710391661364
0.719391464234
0.733066296147
0.740285435606
0.745168122395
0.749221988284
0.753368589774
0.7657920416
0.773332488596
0.780896112802
0.793837743118
0.807383836335
0.815701601337
0.82201120223
0.825442654563
