0.1
0.224198778544
0.330902298598
0.372249825383
0.476325154777
0.650667679221
0.796618180663
0.837634385196
0.855185016171
0.865369976585
0.870753815425
0.875954756095
0.879372633237
0.88184078708
0.883706569002
0.885478264115
0.886675008407
0.887720003428
0.888390706184
0.889194200459
0.88985738484
0.890408625909
0.890929205595
0.891395156312
0.891823776389
0.892202603961
0.892578159282
0.89290347329
0.893217713785
0.893494804485
0.893749526194
0.894038040629
0.894259358998
0.894464035289
0.894653132376
0.894829019135
0.894989860631
0.895144606524
0.895333967324
0.895472118476
0.895600394549
0.895724548667
0.895845077447
0.895951619398
0.896053332269
0.89615521681
0.896246056404
0.896332637266
0.896416200292
0.896490243429
