0.0833333333333
0.0849213442362
0.0843160045083
0.0857812059735
0.0860782044573
0.0862222046116
0.0853762356767
0.0836117484469
0.0853100806398
0.0866078864156
0.0871264771934
0.085692712736
0.0887644228056
0.0919578969237
0.0876461574521
0.0858793221431
0.0860525768493
0.0868151155926
0.084924925756
0.0866736717698
0.0905518919483
0.0869128264389
0.0841443990482
0.0837168529476
0.0856233367772
0.086256339814
0.0864727013422
0.0868523270584
0.0897225692545
0.0841029722211
0.0856029867568
0.0852906950091
0.0855805011025
0.0860886590007
0.0843736163104
0.0856200690335
0.0836610860649
0.0859936889779
0.0854898449765
0.085775475542
0.0867692581635
0.0839379637457
0.0861836220353
0.0847430194958
0.0841715976331
0.0843868941396
0.0850203164764
0.0844609984033
0.0841972308318
0.0862012773551
