0.1690287226
0.175683815193
0.172019085412
0.171396683673
0.177554169816
0.175323601663
0.166666666667
0.177943121693
0.168889146568
0.210062025166
0.285992412311
0.356080836862
0.35033008433
0.375751267977
0.37056031575
0.38639327665
0.386903651107
0.416983862493
0.445428991832
0.481386473309
0.492969885119
0.498465621359
0.541170709395
0.625559590951
0.703677824151
0.745671823041
0.780848124978
0.809254639548
0.894943384805
0.933879828473
0.946363252187
0.954654648198
0.961874776052
0.967102128566
0.970545988753
0.973530364402
0.975640841798
0.977553084296
0.979178629397
0.980589538948
0.981868293768
0.98292496255
0.983846797004
0.984670830733
0.985428195859
0.986098283156
0.986718496255
0.987280831454
0.98778276903
0.988279594481
