0.25
0.332022144522
0.683819349054
0.887885667332
0.938325870021
0.958744015505
0.968725648716
0.974799049184
0.979119615639
0.98210753585
0.984394316147
0.98613374036
0.987555372791
0.988693484977
0.989659593312
0.990468820223
0.991165712579
0.991763651735
0.99196532108
0.992442887808
0.992868982465
0.99325515334
0.993602155212
0.993910355579
0.994187744724
0.994434003908
0.994664051437
0.994875049224
0.995071857919
0.995258223795
0.995426926463
0.99558680373
0.9957352607
0.995872459048
0.996005876134
0.996128840653
0.996244594809
0.99650140338
0.996600269206
0.996693805871
0.996781728066
0.996865712286
0.996945686319
0.997021536635
0.99709335418
0.99716214581
0.997227461101
0.997289213571
0.997348345394
0.997405517434
