0.0714285714286
0.0727891156463
0.0724806142695
0.0728046263148
0.0734836927593
0.0733198591937
0.0747718142708
0.0737323607956
0.0728095897848
0.0739113621639
0.0734896101298
0.0724612225843
0.0715582423446
0.0726256216772
0.0732483826864
0.0722476684126
0.073256302521
0.0732644575687
0.0724956649326
0.0738655530003
0.072880374372
0.0726405338921
0.0732881136523
0.0733020127694
0.073608589269
0.0731913077731
0.0734364663524
0.0730425503535
0.0735427802073
0.0739514876329
0.0723365246834
0.0730017006803
0.0732792164485
0.0755064957531
0.0738841082068
0.0729379251701
0.072584603782
0.0722269041545
0.0723914804017
0.0724828160431
0.0725131600259
0.0730456349206
0.0725606075764
0.0748406594781
0.0724037799644
0.0728169080132
0.0737553399336
0.0741040061858
0.074113285195
0.0742248590613
