0.0837476714881
0.0840289518174
0.085193347556
0.0840866754328
0.0859870822096
0.0851855765317
0.0845940562287
0.0844354630412
0.0844258359162
0.083585542205
0.0849616005179
0.0871795710395
0.0844857091423
0.0861360315
0.0851677702639
0.0835967934182
0.0882686257545
0.0835204808419
0.0847423206627
0.0845954259416
0.084159270217
0.0852888920197
0.0862909523195
0.0859205644783
0.084314732632
0.0869818012675
0.0861549419242
0.0854473873705
0.0860807258472
0.0861210242644
0.0875445746593
0.0889160212902
0.085225633646
0.0853533908221
0.0840789826779
0.0843645314799
0.0848330990845
0.0840360100319
0.0860241203648
0.0846071663379
0.0839827170184
0.0845939304387
0.0849505729313
0.0855238369181
0.0853096753165
0.0847551652153
0.0851260918569
0.086815926239
0.0841122806782
0.0861983534374
