0.1
0.119906730271
0.118325634415
0.127249524231
0.14955205548
0.156785868125
0.197615360894
0.242748718164
0.261649143775
0.290358520563
0.320747995082
0.349517415708
0.399579089113
0.425006496626
0.450926984108
0.471216041037
0.477273822346
0.489914157307
0.511391012492
0.507330234514
0.507601942891
0.540787733773
0.590150321967
0.639079723997
0.683616504411
0.731521677922
0.773583804953
0.806196443769
0.828011814145
0.839068392287
0.847822093981
0.855640162659
0.860631158956
0.865924450397
0.873005319286
0.873704804397
0.875861105899
0.877846216053
0.879407576971
0.885228202847
0.882883428311
0.884108697458
0.904279934536
0.932424175948
0.950625430098
0.959748946831
0.968500210154
0.972260100575
0.974780399395
0.976828634823
