0.288541666667
0.933327731816
0.977384157224
0.986384336908
0.990135357984
0.992328840377
0.993671561057
0.994670883026
0.99541625311
0.995943691363
0.996384843651
0.9967418956
0.997028551981
0.997274797794
0.997472942969
0.997655433442
0.997810869735
0.997942687117
0.998060391747
0.998166413543
0.998264917583
0.998350321409
0.998429190235
0.998500123076
0.998563857618
0.998623423249
0.998676825284
0.998725791713
0.998771523685
0.998813642699
0.998853096327
0.998891741705
0.998927190591
0.998960264097
0.998991510649
0.999021482502
0.999048582601
0.999075266797
0.999099634037
0.999123365132
0.999144795097
0.99916622998
0.999186402224
0.999205954525
0.999223930221
0.999241640399
0.999258196566
0.99930147984
0.999316265511
0.999330489367
