0.1
0.103196969697
0.101902056277
0.104308080808
0.107841020091
0.104853479523
0.100924963925
0.104386277743
0.107329227651
0.0999069264069
0.1
0.101395382395
0.100986291486
0.101869739057
0.100535456607
0.1
0.107617072081
0.104242724868
0.101817400192
0.101171717172
0.101028860029
0.102232691999
0.1
0.10671007696
0.107835951086
0.104453360132
0.102251563252
0.101886724387
0.105071849447
0.102662337662
0.102342094414
0.102443001443
0.102013059163
0.102663110699
0.103218855219
0.10430598502
0.103645021645
0.0998015873016
0.100865800866
0.106973038205
0.100216450216
0.102785714286
0.101106215213
0.107896870491
0.103772065897
0.100570947571
0.102476310726
0.101869408369
0.101892762661
0.101536075036
