0.0833333333333
0.085571248552
0.0845377023262
0.0844399355732
0.086037398194
0.0885364953016
0.0862083327743
0.0860937346257
0.0849203833407
0.0847698546874
0.0859813221804
0.0862728742056
0.0850541399992
0.0850514844334
0.0847121170954
0.0836719179782
0.0850233633887
0.0858152531229
0.0845523778216
0.0846071663379
0.085005431331
0.0845981768776
0.0854634521461
0.0887845075571
0.084075494103
0.0866081771302
0.0845062373651
0.0855674329232
0.0857015389982
0.0843429095833
0.0853409411102
0.0845260318131
0.0850014479822
0.0851226431154
0.0847488896939
0.0876999780846
0.0862176048921
0.0847763678121
0.0844867294387
0.0858231359605
0.0855540852107
0.0848210092716
0.085882676542
0.0844407881496
0.0848171656894
0.0856653114895
0.0863877959139
0.0854513742134
0.0856206560533
0.0873061436935
