0.0730791423712
0.0805644195469
0.0886012791811
0.0936419371345
0.0889801298586
0.100978394992
0.110220185753
0.144355888314
0.151780504419
0.157828063041
0.174273735958
0.172988330524
0.187380977334
0.18466578038
0.188384264279
0.204288729268
0.206268860252
0.196844561668
0.208159028582
0.225840669294
0.24254619054
0.263308679783
0.271903978496
0.290387389873
0.292484554031
0.321563062978
0.312631949942
0.312863607035
0.315647162173
0.309588383576
0.313676331836
0.31257457524
0.318046844637
0.323076962265
0.347922959615
0.339702163382
0.339146502911
0.342341961877
0.358982952771
0.362029138366
0.367768557394
0.37830375632
0.411831090638
0.422910630652
0.430724183275
0.436690373725
0.438009016231
0.443750664189
0.447733216613
0.476125869297
