0.125
0.14710150382
0.192601608309
0.305557904309
0.474494066363
0.599197873227
0.684911130387
0.74139704392
0.808955533488
0.81757134164
0.845684014102
0.890782034036
0.914755559171
0.949549034725
0.957191567266
0.964396132199
0.969265636066
0.97240389711
0.97473732636
0.976811752897
0.978600645516
0.980095305699
0.981402005719
0.982530058518
0.983576368886
0.984492704645
0.985404040525
0.986123561962
0.986816933349
0.987417655596
0.987954834754
0.988447342873
0.9889090174
0.989333475871
0.989805432264
0.990163786772
0.99049699997
0.990802781353
0.991097976573
0.99137524887
0.991632268363
0.991869390743
0.992099506982
0.992310660351
0.992517398503
0.992713049681
0.992895453121
0.993072137989
0.993240842275
0.993398872075
