0.0714285714286
0.0761284393808
0.0726150996113
0.0724478742528
0.0752628375823
0.0748481826042
0.0741855428238
0.0714039385596
0.0726462450059
0.0723876694775
0.0714947089947
0.0733975758864
0.0743601733021
0.0722679406584
0.0727858901497
0.0724918975527
0.07193683525
0.0714360583023
0.0724896090629
0.0713598524727
0.0724318040708
0.0717561696057
0.0723901812709
0.0728267145152
0.072345808363
0.0714408878631
0.0719117805852
0.0722263874548
0.0721088898583
0.0723059739769
0.0729491908596
0.07320004814
0.0728193796157
0.0740483297095
0.0728603147608
0.0723480017007
0.0729759573382
0.0744784559409
0.0729461958808
0.0732213953152
0.0727373718585
0.0722777136648
0.0724327826369
0.0725687739133
0.0725956317547
0.0729966757897
0.0725815520901
0.0732208136231
0.0721984013099
0.0727772348117
