0.125
0.206849765617
0.271469633053
0.340231008669
0.380378722973
0.41319352709
0.481825547494
0.54674988049
0.558723883847
0.645859612267
0.734588715238
0.782780069334
0.805583170578
0.822669651552
0.832119957271
0.838583269681
0.842472452091
0.845758897688
0.848144406603
0.850825735051
0.85272330136
0.854383426037
0.85584421973
0.857061758073
0.858208262086
0.85916544931
0.859939490997
0.860771798562
0.86143755305
0.861992844691
0.862558307925
0.863037729877
0.863492122975
0.86392821264
0.864360926281
0.864766419848
0.865085633676
0.865519029658
0.865821943596
0.866095374352
0.866371316015
0.86663659161
0.866896443135
0.867127637905
0.867319768038
0.867515419624
0.867724058142
0.867919289407
0.868080116617
0.868229148725
