0.166666666667
0.593766796878
0.746568877936
0.785151846227
0.922305753405
0.960786990964
0.971593647828
0.977534600473
0.981645503578
0.984271796923
0.986183679954
0.987698103222
0.989245453607
0.990339782558
0.991103039696
0.991903410963
0.99246684583
0.992956601374
0.993398063451
0.993784249567
0.994122114978
0.994423590438
0.994698334185
0.994952274815
0.995178594975
0.995389102591
0.995575450784
0.995749260526
0.995914451974
0.996065227615
0.996204011111
0.996339413584
0.996460963166
0.996574113393
0.996680505586
0.996781715633
0.996873589124
0.996963833556
0.997048564336
0.997128044287
0.997201557116
0.997271586533
0.997339585857
0.997404893954
0.997465863691
0.997525023787
0.997581617305
0.997636187116
0.997687846047
0.997736619257
