0.25
0.90483792169
0.957839102779
0.973598522769
0.981713138966
0.985970191968
0.988723881154
0.990462522573
0.99175387983
0.992759246404
0.993713730596
0.994316862378
0.994933190718
0.995449369589
0.995791608389
0.996086577936
0.996447609038
0.99676554385
0.996949095167
0.997113325103
0.99726211348
0.997396200315
0.997517885766
0.99762598064
0.997730156283
0.997822452524
0.997908098965
0.997987450093
0.998060275209
0.998127311974
0.99818920258
0.998248241449
0.998302901475
0.998405535359
0.998453108118
0.998496814391
0.99853884514
0.998577897869
0.998616157509
0.998651351973
0.998684826168
0.998717675458
0.998749383852
0.998778181883
0.998806770227
0.998833634613
0.998859612737
0.998884353848
0.998907462226
0.998929620928
