0.131138392857
0.14750212585
0.179713609562
0.286437188847
0.335246178961
0.510983943192
0.655514516511
0.83008700569
0.921083263254
0.952308859647
0.96086844493
0.969066847091
0.974424360303
0.97830837282
0.981102086337
0.983179886449
0.984885784845
0.986273927722
0.98760577202
0.988570466302
0.989403014708
0.990119417203
0.990760105605
0.991301004753
0.99177786063
0.99219520348
0.992579993106
0.992928918858
0.993246016824
0.993547436944
0.9938271941
0.994071818287
0.994300567661
0.994512928641
0.994708553473
0.994888104152
0.995058407458
0.995211845543
0.995362753557
0.995502322786
0.995640132607
0.995766832644
0.995885458657
0.995991275082
0.996094064725
0.996198769605
0.996294347559
0.996383135364
0.996469955032
0.996552200942
