0.0714285714286
0.0729056894335
0.0727945146312
0.0725892539556
0.0713131774976
0.073897322694
0.0714285714286
0.0718477519976
0.0714285714286
0.0719968145989
0.0741563537617
0.0727448418604
0.0735381258222
0.0724660201382
0.0724649909567
0.0735873466726
0.0735926303667
0.0723351263869
0.0739404236322
0.0727375852237
0.0728057641707
0.0719857635515
0.0728738754927
0.0733804626761
0.0714470460803
0.0721376923785
0.0733594382694
0.0722845335374
0.073658531493
0.0714285714286
0.0714051195875
0.0735122105638
0.0738583815774
0.0768127904233
0.0788264267856
0.0718052856063
0.0727563505561
0.0725965346456
0.0722949208205
0.0718752530774
0.071419502821
0.0733057892168
0.0714285608837
0.0717606040432
0.0721907066398
0.07193683525
0.074623096213
0.0719305926736
0.0727373886062
0.0748823442216
