0.125
0.128196097884
0.127690972222
0.125
0.124820601852
0.133962852734
0.128824074074
0.143334235209
0.125
0.143459792811
0.13130869709
0.125962752525
0.126244791667
0.125017671131
0.125
0.128661879209
0.127178819444
0.131813409392
0.127617694805
0.127221395503
0.126007771164
0.13671792328
0.126420524691
0.139895833333
0.133555500441
0.13135123557
0.125
0.129330632716
0.128305858686
0.12949198082
0.12708912037
0.132156635802
0.125992201279
0.128421296296
0.129307760141
0.125833333333
0.129287698413
0.127304819024
0.128918981481
0.138838534151
0.124080687831
0.12708912037
0.12603587963
0.130408234127
0.126136574074
0.137080517541
0.126542824074
0.128158895503
0.141736979167
0.128420056217
