0.125
0.29710146712
0.519896627065
0.683012765525
0.819460154431
0.885687874768
0.923663986742
0.942550137658
0.955987233014
0.96360349806
0.968613204926
0.972690870344
0.97602076556
0.97837024868
0.980420821478
0.982027278764
0.983451752998
0.984622375068
0.985568912533
0.986519310643
0.987334615649
0.988048146276
0.988673016712
0.989245205065
0.989779337127
0.990255921554
0.990674423733
0.99112474006
0.991542468204
0.991871326727
0.992230869524
0.992504723029
0.992763883631
0.993007313099
0.993228032914
0.993435571014
0.993635982726
0.993868905905
0.994039892283
0.994205100467
0.994406437792
0.994554990207
0.994779615895
0.994949967426
0.995074269852
0.995191394062
0.995304797954
0.995411820761
0.995513568465
0.995609679558
