0.0833333333333
0.122974453478
0.167320649376
0.280163503427
0.378438857856
0.420671174363
0.452593160444
0.490639843181
0.510884539763
0.554920646536
0.595841269199
0.622207403276
0.628759394615
0.636685877236
0.644549865003
0.652888810586
0.662061505488
0.676557730213
0.708106284509
0.712278018039
0.722068098394
0.726717912704
0.728823751798
0.731316454071
0.733003508454
0.734611345046
0.735760195218
0.736558148893
0.737553729947
0.738292141715
0.738853268735
0.739291357318
0.739761710808
0.74022919642
0.740638200859
0.741066018018
0.741408036299
0.741752363287
0.742028164439
0.742329523624
0.742556090508
0.74276652897
0.742984332605
0.743191247331
0.743376887265
0.743561280982
0.743735733563
0.743922524867
0.744088346927
0.744233519824
