0.166666666667
0.329771496722
0.633892589291
0.724172782027
0.791715762422
0.806009281239
0.812410207833
0.816990483132
0.819509945478
0.821261162727
0.823164861529
0.824241390534
0.825174167176
0.826141709841
0.826778138817
0.827303310021
0.827735288909
0.828130090621
0.828468586788
0.828744082063
0.828986212672
0.829219710448
0.829421543137
0.829601000719
0.829762192545
0.829930207664
0.830071207271
0.830208813406
0.830329694631
0.830438419189
0.830554295084
0.830645159113
0.830730559021
0.830820899374
0.830905638589
0.830984796385
0.83105729964
0.831119939132
0.831243187422
0.831300508292
0.831356457808
0.83140637801
0.831457539137
0.831503500297
0.831545542334
0.831586619493
0.831623763313
0.831666077077
0.831704551031
0.831740076124
