0.0833333333333
0.0903958432139
0.0972721320081
0.117657362732
0.127046377199
0.136310514534
0.137407117889
0.155461485519
0.163345385746
0.168288355514
0.164014168277
0.16356636321
0.189052636085
0.196322947627
0.210953060103
0.244973415634
0.253064548108
0.26923055237
0.284330720129
0.296650921381
0.309127911785
0.348456863845
0.372973408491
0.393882938306
0.405051571966
0.410738925928
0.411065920513
0.41693937157
0.41993589099
0.439199175612
0.441307528742
0.468146462387
0.486157151107
0.488593136712
0.50712461223
0.523274791308
0.548112075154
0.574215283327
0.594922972776
0.616417996823
0.625381855861
0.643433509762
0.650428185818
0.664546061942
0.684908528929
0.697205217745
0.706458761749
0.722681333771
0.741410739691
0.758516876535
