0.1
0.140073838161
0.298677672697
0.455138757449
0.557673162665
0.644914628535
0.698876555118
0.724907784617
0.748335702246
0.758438486588
0.762106251875
0.784964716196
0.784871131939
0.789584657773
0.805786200235
0.834516020491
0.85806735261
0.866888275137
0.871456041384
0.875423862939
0.878008563726
0.879765252326
0.88110183156
0.882375421113
0.883538092727
0.884371065912
0.885265680045
0.885978637168
0.886611879084
0.887238984679
0.887789329841
0.888273975046
0.888711607307
0.889140919941
0.889578180522
0.889948680441
0.890257407698
0.890551317344
0.890834596024
0.891129520018
0.891392068823
0.891644316853
0.891898849947
0.892120622001
0.892324884302
0.892523690898
0.892702405118
0.892872968194
0.893041328339
0.893195094
