0.265625
0.70829318258
0.939401476176
0.970293473213
0.979662041731
0.98467267766
0.987598246594
0.989586973839
0.991071690377
0.992195784829
0.993053277305
0.994007398673
0.994555695523
0.995007771072
0.995393181584
0.995724184167
0.996005820508
0.996254390918
0.996472070032
0.996668680237
0.996842312514
0.997000587498
0.997142792067
0.997273315079
0.997390842034
0.997499339048
0.997599705075
0.997692146185
0.997777695182
0.997857137793
0.997930933025
0.997999994108
0.998064051584
0.998124658486
0.998181178084
0.998234392105
0.998284812924
0.998332187756
0.998376988444
0.998419620543
0.99846026819
0.998498815202
0.998535453004
0.998570263021
0.99860357955
0.998635188317
0.998665566302
0.998694570983
0.998722374427
0.998748946992
