0.0714285714286
0.0774990642363
0.078875955144
0.0792886153773
0.0811166982498
0.0790757172337
0.0854021970542
0.0833341636973
0.074822025624
0.0765236865258
0.0817110493363
0.0807303257006
0.0855599284229
0.0856645999898
0.0759247382426
0.0855117119947
0.0823337301942
0.0864648016064
0.100791930999
0.0871556503053
0.0927653922898
0.0952865314067
0.0926712521939
0.0899513647829
0.101052432367
0.106595779524
0.09276869265
0.102382952354
0.112933525987
0.116009686507
0.119231543471
0.129123093359
0.136137033613
0.136856042089
0.148412683838
0.159623245485
0.165720759583
0.173036748181
0.190861745603
0.208957355618
0.215478130966
0.225754793781
0.233676063413
0.252756701441
0.255251377009
0.25538216576
0.274834324188
0.276899789595
0.298291487237
0.321814808294
