0.25
0.573552046114
0.902892941557
0.957183872741
0.973008031997
0.982261825107
0.986443123997
0.98922408617
0.9907577356
0.99193278771
0.99285148717
0.993595095273
0.994183483423
0.994676656421
0.995093487633
0.995447412133
0.995748549564
0.996018071872
0.996256892657
0.996468162434
0.996655782685
0.996955251093
0.99710278791
0.997236163623
0.997357469101
0.99746805896
0.997570931491
0.997665445902
0.997752989239
0.997834105456
0.997909712309
0.997980266818
0.998046206585
0.998107813224
0.998165693683
0.998219380703
0.99827066336
0.998318859939
0.998364560191
0.998407678056
0.998448951126
0.998488137158
0.99852504759
0.998560393065
0.998594179206
0.998626171676
0.998656953831
0.998686170803
0.998714288889
0.998741224242
