0.166666666667
0.70550632836
0.794367307527
0.810604662411
0.81723181337
0.821012614991
0.82329752627
0.824908395761
0.826021451453
0.826787243085
0.827485247696
0.828046017981
0.828493846692
0.82900170228
0.829337369572
0.829603309065
0.829847153344
0.830076763996
0.830257752034
0.830426571028
0.830574225385
0.830711825683
0.830840408364
0.830949573953
0.831054383325
0.831152327442
0.831234141075
0.831367877428
0.831436927624
0.831509104132
0.831568365416
0.831626232045
0.831679614214
0.831733171681
0.83177736931
0.831826317306
0.831866771533
0.831906610411
0.831946114703
0.831983396259
0.832017611011
0.832051008723
0.83208415262
0.832113606596
0.832141813387
0.832170043771
0.832196681167
0.832220553454
0.832245061464
0.832267639428
