0.0714285714286
0.0725702036767
0.0719491516845
0.0722878536335
0.071885407809
0.0730825811566
0.0720416261743
0.0718007470845
0.0723649389071
0.0733255427667
0.0728987135078
0.0718808524154
0.0734209016499
0.0725499260613
0.0733887174098
0.0740223494588
0.0725290026725
0.0729806709052
0.0729533628928
0.0726371679624
0.0732339730287
0.073541304881
0.073459781358
0.0718114438236
0.07193683525
0.0724838199169
0.071887076011
0.0736685215324
0.072774420987
0.0714285714286
0.0734487038312
0.0759685655354
0.0720693088743
0.0718646554604
0.0714285714286
0.0737432090892
0.0719491516845
0.0718179099517
0.0721490406679
0.0715103048908
0.0714415121207
0.0725967346264
0.0729791638788
0.07193683525
0.0732589327894
0.0729681892598
0.0720390954001
0.0740336077613
0.0720367164723
0.0727603810484
