0.0833333333333
0.0931658138575
0.10017901285
0.10843050392
0.0917548228379
0.122437628095
0.112560279517
0.110804489212
0.135668346272
0.162095499784
0.169374797786
0.198712000274
0.25007782653
0.248456912601
0.242806553772
0.26708488258
0.265213535446
0.283228554661
0.281864093042
0.292431462781
0.317294165914
0.34806297638
0.385802349515
0.46196672674
0.506906835776
0.590903833594
0.641357935644
0.681385021588
0.694922418244
0.703262300036
0.712045372356
0.718404983992
0.724212205698
0.72607932128
0.728887125185
0.73849303491
0.760854940376
0.768321342224
0.786940497042
0.82486764897
0.851770938611
0.871810124882
0.880647431697
0.886261136769
0.890348896195
0.892945520115
0.895132956635
0.896851551006
0.898138496107
0.899333861462
