0.125
0.227080700005
0.316089166016
0.385781434142
0.447387776827
0.500452419985
0.62794795116
0.732969225461
0.781203577232
0.804006283832
0.819403739961
0.829801900797
0.837235026056
0.841465010144
0.845027260635
0.848005951152
0.850135373557
0.851954690964
0.853687574741
0.855427255549
0.856618216992
0.85782798244
0.858895105588
0.859834869642
0.860642583446
0.861335505273
0.861960754667
0.862568367282
0.86310579962
0.863602417049
0.864053535696
0.864307424926
0.864682783503
0.865039444545
0.865386358631
0.865727963319
0.865896827923
0.866145265591
0.866465695992
0.866735894153
0.866971445353
0.867199206255
0.867460115156
0.86765508584
0.867840212002
0.86803460475
0.86821584119
0.868383457211
0.868543510723
0.868698517068
