0.166666666667
0.485534259727
0.73806351071
0.777364861
0.800760019399
0.807252091686
0.812727041305
0.816267041656
0.818953627587
0.820421211651
0.822032750493
0.823084091257
0.824119208551
0.824567066144
0.825369000917
0.825910956761
0.826527556097
0.827831209391
0.827395470802
0.827754597027
0.828188960513
0.828564980296
0.828971127504
0.829133479095
0.832850685798
0.829744989432
0.829889055057
0.83008769677
0.830214898784
0.830297949826
0.83051512323
0.830600256077
0.830778407307
0.833168658607
0.83123527838
0.831399463377
0.831440462425
0.831519317773
0.831478170819
0.831456117456
0.831457080722
0.831537368713
0.831601159909
0.831661100183
0.831876675946
0.831895053971
0.837208083014
0.832043550785
0.832170171439
0.832384191097
