0.25
0.774115144094
0.941800527746
0.970262413279
0.980395869498
0.985059731351
0.987951491348
0.989860269964
0.991262403106
0.992631220105
0.9934330915
0.994079991435
0.99460908027
0.995046395575
0.995421792749
0.995743917948
0.996024441797
0.996271257161
0.996489440459
0.996682668866
0.996856183798
0.997012612648
0.997154400813
0.997282747921
0.997400323106
0.997507987806
0.997607221067
0.997698834604
0.997783349834
0.997861379274
0.997934767468
0.998003369311
0.998067423263
0.9981275538
0.99818387939
0.998237160099
0.998287209828
0.998334713739
0.9983797133
0.998422246824
0.998462536735
0.998501059476
0.998537651747
0.998572387881
0.998605627576
0.998637334586
0.99866767839
0.99869660758
0.99872427347
0.998750874868
