0.125
0.232914075691
0.412088207246
0.640032115022
0.69704459324
0.759703266343
0.809488132567
0.838298220495
0.928792723622
0.951092562635
0.960929566573
0.965989739999
0.970274062049
0.973903829643
0.976718875402
0.978956235958
0.980642346603
0.982211198032
0.983581220212
0.984784877014
0.985747263768
0.98671425672
0.987460781903
0.988109655774
0.988779910134
0.989335808524
0.989888503574
0.990388304902
0.99092091176
0.991351677693
0.991678152599
0.991978926903
0.992320345195
0.992630780365
0.992876491561
0.99310449485
0.993369798873
0.99356911919
0.993811649941
0.99399062364
0.994158981549
0.994320028126
0.994470795884
0.994610123214
0.994746303115
0.99487909427
0.995000668471
0.995117361918
0.995263026375
0.995367135671
