0.25
0.72438979229
0.73854567224
0.742800219316
0.74460154997
0.745772922808
0.746500241715
0.747213031027
0.747618544458
0.747882947443
0.748082903031
0.748260181356
0.748410831576
0.748540583682
0.748648059502
0.74874965511
0.748821824096
0.748899048142
0.748968288204
0.749026699945
0.749066207446
0.74911004171
0.749154464524
0.749192155923
0.749225449781
0.749257299491
0.749285020012
0.749310652745
0.749335707651
0.749357467567
0.74937847462
0.749398582975
0.749418111696
0.749436898393
0.749452383392
0.749468717267
0.749484800917
0.749499868672
0.749513422013
0.74952588366
0.74953872784
0.749548740187
0.749560330349
0.749572548803
0.749581730021
0.749591437257
0.749600829803
0.749608766942
0.749616729733
0.749624312109
