0.0833333333333
0.114248267304
0.142158098698
0.155149599026
0.187411555961
0.226302071792
0.264488555308
0.352041060602
0.393151452528
0.442380616033
0.506924426192
0.523977765277
0.547722955388
0.57944941182
0.602156763128
0.615451410296
0.62661870604
0.660156126805
0.680028743088
0.697107537907
0.72941555695
0.734269668003
0.7510643282
0.767170939033
0.787369508145
0.799715800346
0.806932703212
0.821045775922
0.822049403643
0.846504557662
0.868658218875
0.876489838983
0.881679188916
0.885210995357
0.887581709482
0.890299437138
0.892194860458
0.893597019376
0.894830839277
0.89619807142
0.897344760173
0.898490706511
0.899364610764
0.900036945288
0.904884622702
0.902690127307
0.903313363747
0.910638722943
0.905190428731
0.905654588935
