0.0714285714286
0.0716316407515
0.0731818918043
0.0729588502067
0.0726006235828
0.0731490170473
0.0727268839083
0.0730198329332
0.0737879526811
0.0723765235261
0.0719351311953
0.0727249577177
0.0741394692798
0.0723997158387
0.0729661686103
0.0728044655362
0.0734188144504
0.0726934106976
0.0743392992117
0.0728899669987
0.073609431868
0.0723267164008
0.0729947889243
0.0724701874798
0.07276532488
0.0726428473175
0.0722007612569
0.0726636653436
0.0725651108658
0.072684417517
0.0722250566893
0.0725862845138
0.0738302723926
0.0742520636873
0.0737064374361
0.0733834089191
0.0730952718389
0.0731453239851
0.0728495589412
0.0718705711451
0.0723986678005
0.0732358732183
0.0719470764496
0.0722483398121
0.0729619183983
0.0732568027211
0.0721694049644
0.0725780490768
0.0728521825397
0.0731759879489
