0.1
0.115842387829
0.134402716545
0.149807788808
0.203323481882
0.242305222179
0.284006350378
0.314846627672
0.314621316357
0.325450825296
0.344219964609
0.368092593273
0.382256801735
0.396849791564
0.411960808736
0.429361525524
0.445758229131
0.452593938758
0.475024107249
0.481503449846
0.488688420945
0.518853331913
0.524422653974
0.555615247734
0.580558539605
0.61661587716
0.667578001129
0.7044000082
0.720974387724
0.739215678594
0.751834545947
0.755159975416
0.760246310952
0.763416468045
0.770907230257
0.772192276543
0.773101949039
0.786290554799
0.794108518815
0.825511516777
0.845875300781
0.855762122367
0.860008857983
0.867149428824
0.871749857992
0.874212178369
0.876182786832
0.878136111634
0.879306533465
0.880383352885
