0.125
0.322573689198
0.398610951269
0.566782588787
0.694750828971
0.71431874703
0.724814450419
0.728047362077
0.73108905637
0.733822962815
0.736581270509
0.738632760865
0.739683850604
0.7407302923
0.741522746578
0.742146643116
0.742803622748
0.743348748426
0.743767520004
0.743958534859
0.744324922032
0.744736887123
0.745002451031
0.745260675508
0.745550732147
0.745761099092
0.745924617329
0.746215416838
0.746370344845
0.746444506688
0.746451656265
0.746562492959
0.746688239152
0.746799208386
0.746902388467
0.746986138326
0.747077658624
0.747154762767
0.747241737044
0.74731957238
0.747428507686
0.747498183109
0.747562402444
0.747625403654
0.747685853919
0.747735662106
0.747790261788
0.747840198775
0.747886536527
0.747932685194
