0.125
0.143097800067
0.125797909652
0.131845522778
0.128086419753
0.129958645801
0.126157407407
0.130616933221
0.127228009259
0.129490740741
0.127393728956
0.129947916667
0.12813867048
0.129963261083
0.133319304153
0.132593901083
0.137873686359
0.125
0.135013766134
0.13141177399
0.128641010802
0.142826931416
0.130778356481
0.132797067901
0.129258443139
0.131974344136
0.128206983025
0.127019675926
0.127160493827
0.126556712963
0.129924768519
0.128481428872
0.132715138835
0.130017185746
0.138887661336
0.135369318182
0.131695952581
0.128230657267
0.12616266835
0.129197227961
0.127872395036
0.1296875
0.129303451178
0.132411265432
0.13576827664
0.138579167746
0.13180088141
0.128221450617
0.126032986111
0.130266203704
