0.273263888889
0.703337543343
0.732341987176
0.739386695754
0.742227473668
0.743797601581
0.74484558991
0.745678522808
0.746271027459
0.746648588237
0.746994980098
0.747280918346
0.747497225169
0.747720936695
0.747882577008
0.748041320627
0.748171753306
0.748285655281
0.748388024011
0.748479493344
0.748555868754
0.748625881674
0.748689370904
0.748745940737
0.748797704144
0.748845616991
0.748889194492
0.748926452884
0.748964772518
0.74900028043
0.74903362047
0.749062672708
0.749091311242
0.749116981498
0.749144266052
0.749170367956
0.749193390003
0.749215133857
0.749236698262
0.749256310381
0.749275358867
0.749290603347
0.749304917387
0.749320531379
0.749336841577
0.749351399941
0.749366303746
0.749379780747
0.749392702219
0.749405851004
