0.166666666667
0.220785286337
0.385676782689
0.604538624815
0.730021204389
0.782203508038
0.801373139918
0.810239653934
0.822823980201
0.914971296132
0.959790214717
0.972271449087
0.977978571927
0.981138968063
0.983191592746
0.984926227384
0.986324729036
0.987596897203
0.98851450051
0.989313132297
0.990014843493
0.990640646185
0.991181709312
0.991673692311
0.992112552063
0.992505959156
0.992864226779
0.993190573435
0.993482032103
0.993759105214
0.994002522436
0.994232175842
0.994440849108
0.994632556646
0.994814980568
0.994978779699
0.995137811324
0.99529009665
0.995429503751
0.995561621818
0.995687582266
0.995803902148
0.995914150225
0.996019970484
0.996121063652
0.99621755851
0.996366953685
0.996452345032
0.996534491275
0.996613648432
