0.1
0.104037190083
0.104467219261
0.104480964839
0.106372320861
0.101136363636
0.102210125733
0.101761248852
0.103647179355
0.104220123311
0.100950642792
0.103242212333
0.106573502255
0.103475206612
0.102361111111
0.101943755739
0.103233188529
0.102855960085
0.102064296814
0.105102387511
0.102570247934
0.106809160536
0.103571466412
0.104207529844
0.104995199245
0.104269972452
0.101002754821
0.103055732147
0.108976760613
0.10752217984
0.102362488522
0.101239669421
0.101811107308
0.101960514233
0.101721303949
0.103502066116
0.102031680441
0.0999669421488
0.101874885216
0.102285371194
0.101042699725
0.102288214311
0.100684573003
0.102252066116
0.101208624709
0.104308974575
0.101767217631
0.104619655403
0.103945748696
0.104736314191
