0.1
0.144739552966
0.197800995246
0.25575651127
0.294917186598
0.373211711341
0.389514769384
0.409160973259
0.423158340261
0.444341145999
0.486976399799
0.57086590143
0.681770359215
0.765440899783
0.819094563963
0.84276581341
0.85641883246
0.863613446717
0.868949689901
0.872584462787
0.875409684432
0.877954387102
0.879891504797
0.881463523851
0.882829398178
0.884192773237
0.885146225801
0.886155867632
0.886980492791
0.887696095842
0.888362562427
0.888918347102
0.889409321344
0.88986241862
0.890098519631
0.890519280681
0.890893315042
0.89131509437
0.891636369797
0.891920914554
0.892209220889
0.892479418824
0.892709317519
0.89292969484
0.893154371526
0.893341615379
0.893527738731
0.893706270045
0.893868693262
0.894022000412
