0.0847623771731
0.0951538010881
0.101473791552
0.113849901924
0.12165169697
0.144941554263
0.164001224221
0.196915878251
0.228738040385
0.256577262433
0.280439696916
0.315140897479
0.34584163849
0.359153826076
0.384585663687
0.419382475664
0.441942651147
0.462006527196
0.480464787183
0.494133538703
0.529818979306
0.553372836261
0.590658397241
0.624383966864
0.647304606666
0.691401170984
0.740589062647
0.772990953991
0.798528662164
0.819806512418
0.83860776539
0.849314354086
0.855716070718
0.859965057332
0.864572921798
0.869013701743
0.873167068739
0.876675300687
0.879341186952
0.881364417287
0.883290624271
0.890618704979
0.901480166522
0.903986092335
0.913586460436
0.933671632246
0.94650496801
0.955379037802
0.962464717735
0.965810266616
