0.125
0.206789653049
0.243421604974
0.269368873536
0.407339547298
0.513622180876
0.60814424003
0.670641539618
0.697773551186
0.706150010237
0.75088178701
0.792626568777
0.815920046318
0.831548073024
0.876891954534
0.905922465441
0.935064293905
0.952863574292
0.961952994597
0.968951382832
0.972333493429
0.974999377281
0.977205032857
0.979283907536
0.980649392654
0.981988069341
0.983170233741
0.984196482772
0.985229335956
0.985990971219
0.986709925513
0.98727659307
0.987943366522
0.988464867128
0.988956714965
0.989401196443
0.989797845464
0.990167103124
0.990513405221
0.990830549397
0.99114230088
0.9914040917
0.991724880393
0.991959360479
0.992185345089
0.992399689312
0.992607740934
0.992797740716
0.992974009897
0.993140465899
