0.0714285714286
0.0843557833591
0.0750384301373
0.076855230849
0.0759028060312
0.0850459915338
0.0758904982448
0.0772890489475
0.0833995528756
0.089314620173
0.0775384031189
0.0789309159381
0.0847411941998
0.101747171158
0.11033115079
0.137201020613
0.156869560741
0.188328406641
0.197681561356
0.187413420789
0.184091677483
0.185571064517
0.186417617233
0.187496373026
0.198456141948
0.198791898421
0.201434722045
0.19213775716
0.189572301671
0.190734406778
0.196953360715
0.201162386205
0.196775196675
0.20328356963
0.197841779253
0.198647309326
0.196539944728
0.198426794919
0.19684082661
0.203136328972
0.210173949179
0.198106484352
0.197841759102
0.200467008063
0.194900324571
0.206192639452
0.232625274102
0.256905061767
0.31183518689
0.346746439056
