0.125
0.311946603259
0.689636011384
0.802563520573
0.831124220854
0.845720679817
0.852868533654
0.856989789565
0.859786039076
0.862181125403
0.86321105551
0.864431535769
0.86544222745
0.86646630425
0.867184145846
0.867754686309
0.868244441165
0.86868052688
0.869048519255
0.869409922114
0.869719826754
0.870000916783
0.870239845084
0.870466442256
0.870670592162
0.870856760587
0.871022681459
0.871179548477
0.871321293711
0.871448496976
0.871574964922
0.871694271384
0.871798902181
0.871898641645
0.871993502433
0.872081548047
0.872170413195
0.872252158079
0.872330087408
0.872400024091
0.872468175357
0.872530268479
0.872592610067
0.872654499339
0.872710536232
0.872764829426
0.872817626028
0.872866918125
0.872914362338
0.872957718871
