0.25
0.972431901936
0.987813512672
0.992163606283
0.99424230211
0.995463876369
0.996236155033
0.9967810107
0.997192825352
0.997510294764
0.997766971983
0.997969398006
0.998143646201
0.998289102389
0.998413309494
0.998522240955
0.998615595419
0.998701418897
0.998775464723
0.998840973385
0.998899486508
0.998950813677
0.998998664588
0.99904198092
0.999081520538
0.999118737021
0.999152374522
0.999183623417
0.999212599483
0.999240247597
0.99926614371
0.999290377654
0.999313229627
0.999334223907
0.999353500353
0.999371881191
0.999389205784
0.999406015362
0.999421171819
0.999436318654
0.999451564839
0.999465050504
0.999477620918
0.999489656597
0.999501445694
0.999512994248
0.999523457018
0.999533939703
0.999543825361
0.999553049972
