0.166666666667
0.182789666793
0.171467545351
0.174786890065
0.167800453515
0.167989417989
0.168934240363
0.17650856639
0.175967261905
0.233297183608
0.259038278918
0.283869318615
0.269479188259
0.284651845893
0.307742912923
0.307382751508
0.304276350692
0.334439421689
0.372544309379
0.442275781371
0.480072741407
0.514006174924
0.508772026535
0.537159174449
0.54082219597
0.587832482406
0.624021165797
0.642041292559
0.642791771431
0.655231563875
0.661274413654
0.669444804168
0.700829484629
0.772109340922
0.796030198851
0.803436240854
0.845569353607
0.909669010393
0.94407517426
0.955581003917
0.963900521115
0.968820720051
0.972557454278
0.97531641085
0.977543888802
0.97910671878
0.98073208031
0.982028246394
0.983211813108
0.984269415833
