0.1
0.119913080045
0.124845686595
0.114672200815
0.114032310282
0.175207472045
0.216269179611
0.235422653718
0.273400340683
0.30010174623
0.331149144344
0.334995037472
0.368289463878
0.405245589944
0.465959802033
0.518232958773
0.573216055541
0.608865524213
0.630466341346
0.645278789349
0.652620262845
0.66378658491
0.676898206761
0.70355124627
0.731368135901
0.753236974281
0.799434485042
0.818988878867
0.835018132914
0.84683934083
0.856580865232
0.862126739704
0.866867948999
0.870044174583
0.872651500196
0.87470778086
0.876609213669
0.878109857464
0.879567926492
0.880729624544
0.881858295077
0.88793031645
0.913424388557
0.955691600384
0.962822159945
0.9702067654
0.974323410834
0.975989141373
0.978551421776
0.979697516393
