0.273263888889
0.919408424645
0.976204500461
0.986832681176
0.990678698274
0.992728587328
0.994064021377
0.994975172606
0.995667516779
0.996176449057
0.996584975946
0.996903054653
0.997179652101
0.997408260754
0.997602655556
0.997775146316
0.997922625571
0.99804578498
0.998156975671
0.998253131045
0.9983416575
0.998420776002
0.998493737338
0.998561945369
0.998625484694
0.998681281466
0.998732225141
0.998779512827
0.998823579764
0.998863684859
0.998902102291
0.998938632536
0.998972452462
0.999003796629
0.999033693112
0.999061556651
0.999088706758
0.999114119594
0.999138263035
0.999160105464
0.999181670506
0.999201992419
0.999221397125
0.999239856123
0.99925727282
0.999273684307
0.999289461495
0.999304524136
0.999319005934
0.999333586252
