0.125
0.147525203192
0.162951839633
0.262188856802
0.435480789899
0.555310873873
0.623500453549
0.716127429988
0.77044539238
0.803459731596
0.828003859579
0.857096215861
0.916483840969
0.939264524689
0.950304576924
0.95785063203
0.963604409259
0.967989243884
0.970785403642
0.973393764373
0.975581240617
0.977243520036
0.979011802015
0.980570012932
0.981700658805
0.982813741734
0.983735839672
0.984606015821
0.985615672184
0.986255201987
0.986854882299
0.987367113085
0.988115757978
0.988576215021
0.989024022112
0.989430356225
0.989803501268
0.990236654789
0.990634254601
0.99092972485
0.99120890008
0.991469125564
0.991719157308
0.991952340858
0.992173629147
0.992381056488
0.992579686968
0.992765092783
0.992938189927
0.993102633629
