0.0714285714286
0.119315369902
0.16435164643
0.221914768616
0.330846665044
0.404565804928
0.482331967935
0.527052875098
0.626137099696
0.662426051052
0.700685568657
0.720145669767
0.732822149128
0.747089254899
0.749145331045
0.753105360834
0.75690732807
0.759972567001
0.777579546215
0.792588316355
0.810998437905
0.82150477185
0.827221149872
0.830097841526
0.833090607944
0.835567477458
0.836571577112
0.838075233324
0.839165880648
0.840194961813
0.841181946995
0.842058127316
0.84303321702
0.843637873069
0.844266195363
0.844928036877
0.845476731083
0.845997761319
0.846410510155
0.846761831385
0.84710286133
0.84741036449
0.847699638874
0.847978971048
0.848264531264
0.8485476073
0.848801997764
0.849009457868
0.849228694874
0.849421509513
