0.166666666667
0.500859394699
0.72927871089
0.780490173582
0.797240227385
0.806174536416
0.810507359036
0.814026189052
0.815423102441
0.815374450238
0.817515852209
0.818906955859
0.819085901494
0.819344953798
0.813262978929
0.814404685287
0.820074291977
0.821825453249
0.820851760965
0.822774115089
0.822614643983
0.819224432385
0.819766849159
0.821471117641
0.823038987472
0.823210275275
0.82323809196
0.813975228343
0.804476795318
0.805640721457
0.80691197445
0.808165236213
0.809003529275
0.810098698485
0.818342219996
0.811118872511
0.811894083768
0.812919294631
0.819126854212
0.820093061446
0.815716225415
0.81626588611
0.818333751487
0.816952338398
0.817566014424
0.821005220567
0.818706810671
0.819548530751
0.819915025199
0.820271977561
