0.0714285714286
0.0723118643539
0.0738790235561
0.0742015248221
0.0723356212074
0.0714285714286
0.0714285714286
0.0724525522014
0.0719312675467
0.0725745165378
0.0738286100651
0.0721654443027
0.0735199173464
0.0731959235414
0.0728327925912
0.0714285714286
0.0714905753968
0.0716904222006
0.0719060441637
0.073451407583
0.0720226516946
0.0750467944563
0.071866564086
0.0720342700572
0.0736247372213
0.0728741252894
0.0738507665246
0.0747108431115
0.0795468181305
0.0759695749993
0.0733032994944
0.0720949748947
0.0724306314788
0.0732727782333
0.0721125102841
0.0727895585317
0.0758109132301
0.0742438864351
0.0725636299794
0.0737582313431
0.0720831636226
0.073875207008
0.0741735156915
0.0734271893281
0.0727868435734
0.0724512572886
0.0721692278102
0.0745131572651
0.0725650387883
0.0719183605982
