0.1
0.117023589316
0.127925397802
0.132433581563
0.136235438951
0.15012258375
0.191851781322
0.249647525637
0.322581488092
0.395647400703
0.45750240803
0.500108802698
0.527203514729
0.552225279727
0.568464633911
0.59059428442
0.609222120117
0.631297868992
0.67195986573
0.692370294217
0.727407597636
0.758472223487
0.805130380957
0.834308462039
0.862607688798
0.909439436897
0.930979550509
0.940861501698
0.947961818299
0.952829489545
0.959234096438
0.963775777121
0.966860878831
0.969542873996
0.971552588229
0.973218282799
0.974938591198
0.976294608084
0.977651084427
0.978677503785
0.979695543636
0.980617169704
0.981409483957
0.982145805344
0.982863551137
0.983573783192
0.984148281066
0.984728907139
0.98525271033
0.985730586531
