0.106833333333
0.160486934769
0.32450953347
0.458933498119
0.60083592746
0.686572830734
0.788954858741
0.838155465154
0.855353902765
0.864966787281
0.871344662433
0.875820093886
0.878783319817
0.881293408653
0.88332200034
0.885042557206
0.886338909056
0.887347786459
0.888145771837
0.889031065466
0.889755995138
0.890359090784
0.890892368052
0.891378909054
0.891809629861
0.892202209414
0.892564686961
0.892917691519
0.893205947491
0.893472464451
0.893733906176
0.893987616599
0.894200041481
0.894397952086
0.894574951075
0.894746543086
0.894908799457
0.895074106643
0.895218620418
0.895350130087
0.895484875565
0.895604007989
0.895713730628
0.895824568245
0.895974579303
0.896078568284
0.896174205541
0.896267259616
0.896350265016
0.896433390349
