0.0833333333333
0.108110889719
0.176588394233
0.262139676612
0.39790514802
0.496608078272
0.644372566427
0.68179958957
0.729703921579
0.752298287512
0.777757410831
0.78822758149
0.796743060633
0.802149450715
0.806217916737
0.808386821975
0.811008382488
0.813398230728
0.815481382221
0.816690894387
0.817710868443
0.818785172636
0.819683994621
0.820576579219
0.821249546867
0.821862916246
0.822422696005
0.822956267427
0.823371043226
0.82380662286
0.824310709132
0.824673886641
0.825016174288
0.825321417926
0.825612139309
0.82587865499
0.826108828415
0.826239388114
0.826430481814
0.826614007067
0.826797968636
0.826997821937
0.827180289766
0.827342926929
0.827487670668
0.827636859697
0.827778932146
0.827918194859
0.828054374249
0.828165190516
