0.1
0.118589944838
0.118689286823
0.123750917981
0.119674871553
0.127243720078
0.128823020562
0.119646131884
0.128435076573
0.175263273582
0.195572033879
0.267532273535
0.431730277987
0.516201700242
0.615419514278
0.675716292324
0.704270854765
0.728298384387
0.742045751588
0.748327700375
0.758803228395
0.761490857008
0.766614059361
0.776118145323
0.773559901368
0.776053486581
0.796966008472
0.825447653179
0.850418228377
0.861859636742
0.877528852088
0.889647180306
0.917155577256
0.942777592546
0.951980444683
0.960982221055
0.965814039664
0.968875467218
0.971764194044
0.973919302986
0.975735366488
0.977262962535
0.978604955384
0.979677676257
0.980672004432
0.981586620796
0.982406417785
0.983093831228
0.98373592699
0.984379316347
