0.0714285714286
0.0972168141236
0.175270418972
0.28901696383
0.369691812561
0.461218770327
0.503683561182
0.543795454188
0.566207559701
0.592429514103
0.633012018284
0.655613702438
0.670069341248
0.676086450252
0.698184767518
0.724427846609
0.735095507698
0.743008312194
0.750081089947
0.754999521835
0.758385596812
0.760938436422
0.762792745172
0.764623335974
0.766111222708
0.767283119755
0.767646711211
0.768736321102
0.769829306229
0.770841451523
0.771612387472
0.772251190613
0.772782844709
0.773355684361
0.773455874715
0.773889419574
0.774333940908
0.774743968668
0.77511938284
0.775549067254
0.775877807361
0.776226475524
0.77651946138
0.776846954156
0.777086723564
0.777342165958
0.777560664826
0.777767001254
0.778038010452
0.778217563748
