0.0714285714286
0.0785286169493
0.0778327927149
0.0781624177524
0.0902584736407
0.0767067045242
0.0830157147902
0.101982416933
0.0868975527333
0.0816967610088
0.0746749594386
0.0777471072973
0.0839912980735
0.0812596127993
0.0867598724417
0.0775140474138
0.0785212015001
0.0806812325249
0.0864801529051
0.0821970771885
0.0870438545881
0.0866812320721
0.0759267748856
0.0752957170188
0.0794013455952
0.0885352081601
0.0857449251835
0.0799551477649
0.0768862189641
0.0868077535064
0.0790058838516
0.0893560842475
0.0888085480524
0.0904226410944
0.110140382046
0.146882118783
0.146911144081
0.168707802333
0.189109576262
0.196770667713
0.216061886204
0.213188009018
0.225137387472
0.225475706498
0.228527609586
0.225886574258
0.253102481156
0.260929992035
0.272159760135
0.28797762184
