0.25
0.72363869432
0.738480621498
0.742794057951
0.744676889096
0.746073784453
0.746743954409
0.747210160064
0.747569839195
0.747858927385
0.748069487696
0.74825802941
0.748415965834
0.748551845391
0.748665087887
0.748752007297
0.748832030499
0.748897164409
0.748957003249
0.749009739942
0.748856472053
0.748908429325
0.749020973594
0.749069955792
0.749105951474
0.749140950316
0.749174548826
0.749207767236
0.749284891853
0.749312342596
0.749337065178
0.749359551535
0.749378873698
0.749397836323
0.749414722679
0.749432393745
0.749449955231
0.749464080303
0.749479406554
0.749493490621
0.749505685759
0.749517137209
0.749559424473
0.749569313801
0.749579698542
0.749589238801
0.749597115604
0.749605352257
0.749614060789
0.749621358039
