0.1
0.110460587586
0.120669553899
0.126819332724
0.121603097993
0.180165799316
0.207225354621
0.22897035282
0.312528508102
0.32932908041
0.345826816177
0.388886376048
0.42780006149
0.460157987476
0.495565627956
0.523976416337
0.551755142723
0.59685440022
0.632188864281
0.644215532755
0.662668726803
0.672607090576
0.718324743464
0.747987711686
0.753239410127
0.761279047666
0.786684658009
0.808857293957
0.825198722414
0.841982904058
0.862545838221
0.865319986724
0.881385127193
0.893202084342
0.918714039538
0.933336003841
0.947179066343
0.956751429969
0.964447092608
0.967794408237
0.970994119356
0.973676607517
0.975193879706
0.976687814415
0.978239412849
0.979372724101
0.98033687763
0.981417163025
0.982251435799
0.982993468901
