0.0714285714286
0.0744161831399
0.0729979804422
0.0719598315517
0.0722610949142
0.0730789309772
0.073969535731
0.0749097585463
0.0739704677389
0.0739957471084
0.0730437230915
0.0741560895191
0.073159836939
0.0724413619615
0.0736197410512
0.0725170068027
0.0745825769033
0.0743513238629
0.0737589083252
0.0719706811296
0.073341050706
0.0756183426274
0.0747175626203
0.0724529191637
0.0728174603175
0.0736240805846
0.0732932964853
0.0730383820195
0.0741461358119
0.0719268302559
0.0733238851096
0.07382714599
0.0732642953015
0.072412941367
0.0717087787496
0.0721726443554
0.0722710512777
0.0721016055232
0.0719873663751
0.0722600900479
0.0726253479333
0.0728418346505
0.0727574300028
0.0734070276395
0.0733405552639
0.0731182924559
0.0737805200585
0.0731144957983
0.0726634627065
0.0727281746032
