0.0833333333333
0.0977829118847
0.192528147854
0.194857737611
0.194624705884
0.202351216941
0.224121715178
0.276769464327
0.297666805858
0.32614419397
0.333588795408
0.342655178155
0.374546053906
0.401344837647
0.441192008513
0.479363239775
0.484323191939
0.495082297126
0.501417813777
0.503898276121
0.505633556445
0.502851097022
0.518888721235
0.508544426962
0.511598918283
0.512605699581
0.517609587311
0.520553938666
0.510791874548
0.533780682722
0.538858608177
0.534475516995
0.517040335029
0.524016408981
0.52713683341
0.515001845894
0.514079161807
0.516149869283
0.517151263888
0.535857081587
0.531598876459
0.555143570196
0.589915691951
0.628584402313
0.644462794082
0.665752951861
0.686267572575
0.699816474334
0.708670127854
0.716160350619
