0.0833333333333
0.114100797686
0.110061665166
0.10942243541
0.113226536266
0.0966759303001
0.14361706151
0.121752635901
0.111784864147
0.107849167548
0.0874007994888
0.097590936649
0.128767914384
0.106527474673
0.136846956811
0.159655035057
0.203682823985
0.255247064427
0.295181151139
0.322352815392
0.331071183987
0.352300817612
0.353671320519
0.351110067256
0.360785022408
0.357711047673
0.37313154614
0.381058688638
0.387911480723
0.374760054728
0.382764664087
0.415733560186
0.427899030884
0.436817359551
0.445249246779
0.462439396558
0.505571780509
0.532239022681
0.546387302115
0.56130052414
0.574281589741
0.57337035476
0.573500588253
0.574232489506
0.60204330216
0.585227442346
0.607778289355
0.603653035958
0.602491694435
0.619009956449
