0.100669421488
0.103007116621
0.104208039435
0.104384050293
0.100869040051
0.104793903067
0.107691554754
0.100479338843
0.105229745002
0.102016528926
0.102598290598
0.103244031221
0.102933354524
0.102444903581
0.101352828989
0.101148124603
0.104201987407
0.103474464929
0.102835434767
0.112324974268
0.104465917532
0.102210059172
0.103471635396
0.102393939394
0.106357349721
0.106361389194
0.102137609865
0.107741792929
0.105708677686
0.113894685491
0.109813577985
0.104110094451
0.102789256198
0.101713728191
0.103970385675
0.103128946811
0.102325528007
0.105971418733
0.104659103135
0.101921684376
0.101106519743
0.101223140496
0.102539944904
0.103702131202
0.10067768595
0.101526859504
0.103267906336
0.10753737244
0.100817881613
0.103821613119
