0.0833333333333
0.20511482093
0.226245523801
0.32759849053
0.400953357818
0.455943775878
0.512467243124
0.539988879775
0.606568552552
0.651974924868
0.652980624299
0.678778470989
0.685385729639
0.702186087278
0.712755377315
0.720644110239
0.725289025231
0.728201910285
0.730694208013
0.73251644816
0.733795286982
0.735175159509
0.736041811075
0.736958015276
0.737743496632
0.738447231297
0.739104108349
0.739655998588
0.740134217395
0.740593476555
0.740987945459
0.741382335697
0.741711838329
0.742004064172
0.74228495717
0.742566424577
0.742825097641
0.743051638214
0.743276902193
0.743456573966
0.743658233776
0.743911228628
0.744089858595
0.744210489738
0.744370276751
0.744491424617
0.744611545883
0.74474967987
0.744874047555
0.744998850478
