0.073346565517
0.0822996334081
0.089647200837
0.11120711911
0.135751764915
0.145050877359
0.178450566794
0.220600778972
0.262777631336
0.298120336842
0.358277911345
0.406012653269
0.441935633103
0.482362118261
0.524867385864
0.553071996505
0.578759909302
0.612902519968
0.642805784945
0.691782939197
0.719990814722
0.747561991218
0.768860267828
0.779701276219
0.787925555568
0.795108044811
0.801570985089
0.80673481115
0.811819654316
0.814639891507
0.817966349392
0.820849786224
0.823203323303
0.826922760098
0.831410050359
0.832894415046
0.832746706065
0.835259639695
0.840610846333
0.83887453853
0.836508894955
0.837227455658
0.838764110834
0.84397371495
0.841362283807
0.841952896537
0.842454029298
0.846642299475
0.855778844995
0.862599549456
