0.1
0.103508599986
0.110361162046
0.105956616616
0.13106590639
0.128917975993
0.121192646126
0.11862782195
0.145757717976
0.170393749122
0.196082192883
0.218116770733
0.235361348683
0.265129430264
0.275468601286
0.272712989347
0.303814973856
0.311020374778
0.352277931806
0.420210766781
0.470604727746
0.519521416933
0.549210762387
0.56431057903
0.605259523271
0.614159610906
0.642096513619
0.682674308393
0.729720051881
0.756429100836
0.797416355663
0.86032798479
0.887969494538
0.92222328438
0.934992976669
0.944052700763
0.951393828919
0.956650311627
0.960225100128
0.96382449336
0.966622650076
0.969268711427
0.971062018998
0.972900859448
0.974546827904
0.975938646968
0.977166659604
0.978246566452
0.979247852643
0.980141443732
