0.100669421488
0.103166839183
0.102780532599
0.100460448642
0.102492159356
0.105527618485
0.102040207267
0.114419876709
0.106842975207
0.107589284453
0.101359309882
0.101799992936
0.101328671329
0.10478329679
0.10199932352
0.103603178207
0.100537190083
0.103050964187
0.105599829463
0.107780707298
0.107629345402
0.101396658897
0.103311524334
0.102554112554
0.10116105107
0.101238685557
0.101256198347
0.1022226637
0.103409090909
0.101816345271
0.102826393304
0.101947658402
0.107345041322
0.10067768595
0.10088728191
0.103434467048
0.101837465565
0.104461750371
0.103869382366
0.107008794236
0.102390955005
0.100840220386
0.104348320871
0.103019283747
0.102835858586
0.102663099527
0.101800505051
0.101527018436
0.101404958678
0.105106756103
