0.25
0.707211296043
0.7330939562
0.738795163816
0.742065840492
0.743690095446
0.743938580246
0.745185522761
0.74584371674
0.74667180986
0.747008340039
0.747279737713
0.747525911559
0.747710094258
0.747876203927
0.748019883052
0.748136872237
0.74825301915
0.748353208159
0.748440868138
0.748513819445
0.74858489669
0.748394680686
0.748467382133
0.748527909315
0.748588350229
0.748642744394
0.748510716072
0.74866653872
0.748811002551
0.748940731526
0.748973598477
0.749005666924
0.749035758991
0.749064441555
0.749091277958
0.749116678331
0.749141385807
0.749162694287
0.749183357452
0.749204870982
0.749225946083
0.749246258768
0.749265507212
0.749280652823
0.749296646711
0.749311177309
0.749324309988
0.749338590448
0.749353431289
