0.0833333333333
0.0865443800991
0.0856185251115
0.0840022364257
0.0856741048068
0.0881608951748
0.0841162186028
0.0863199389188
0.084649422447
0.0850724871416
0.0864860723492
0.0863057384635
0.0857868107815
0.0872315459501
0.0833333333333
0.0833020411393
0.0833530928397
0.0872163924354
0.0848214285714
0.0856681347753
0.0870654595782
0.0853807296728
0.0832745847627
0.0867173346411
0.0860531170861
0.0834736939648
0.0886917004795
0.0833342418164
0.0838458691881
0.0838947758591
0.0846753899209
0.0841291644863
0.0838652177141
0.0867866960603
0.0846391666828
0.0856001932214
0.0833846626257
0.0844072814311
0.0834396258503
0.0860268594024
0.0840023553937
0.0862083433122
0.0854473176788
0.0839938654033
0.0833333333333
0.0845374627262
0.0832260674416
0.0861396980445
0.0847950825629
0.0846910936994
