0.1
0.124519540401
0.142253823546
0.163291195566
0.197162295643
0.201737831123
0.219174951586
0.203616502054
0.20819756243
0.252971459111
0.280878716755
0.323260006298
0.396283391933
0.416742853353
0.458018725481
0.481748895821
0.496988355137
0.512688718832
0.532380344386
0.567736998387
0.584134446307
0.629098416876
0.69635227082
0.739865597959
0.791171627816
0.822361307463
0.848423038931
0.859889426042
0.895125797289
0.925445561199
0.940225460355
0.948913363719
0.956063611977
0.961375935767
0.96508352545
0.968067669928
0.970831225655
0.973032188262
0.974686139279
0.976170815503
0.977372109025
0.978530813293
0.97954077945
0.980486255448
0.98128760447
0.982129843644
0.982859819737
0.983493019212
0.984092577647
0.984672443591
