0.1690287226
0.192727623457
0.183889991182
0.177060368901
0.180842939027
0.174579554044
0.1741343065
0.19565307528
0.188704648526
0.177091206853
0.16904053288
0.179215088813
0.171768707483
0.169217687075
0.178083270345
0.1740047871
0.187599206349
0.182342450869
0.175484352692
0.187633849836
0.174584803057
0.174611048123
0.172304106828
0.19198265726
0.185260198355
0.193020124717
0.215492724868
0.184781130466
0.189989344503
0.180863803855
0.173431988536
0.175760582011
0.22255585736
0.246692927171
0.247360494047
0.24775079785
0.254889798109
0.251032473125
0.245256391798
0.259184587814
0.280059497693
0.295654860795
0.282988889127
0.285859709625
0.299121524639
0.281055193076
0.282818396576
0.299020408258
0.324335896286
0.346618631772
