0.10371031746
0.209098352192
0.202908081903
0.244318059202
0.245686534629
0.259699403169
0.282336724086
0.354367642862
0.393041667623
0.452274646164
0.521339172364
0.536336041561
0.567649295794
0.576026437965
0.58558322529
0.609489534386
0.599683421247
0.607008262052
0.615265132431
0.632564519083
0.625999232289
0.624830703815
0.662812250593
0.669616097364
0.680362674679
0.697097241078
0.72895140684
0.759577306312
0.76851163232
0.77284558246
0.776375359682
0.779512874019
0.781801217637
0.78369435093
0.785419006974
0.786545183613
0.787358144824
0.788078496136
0.78865650265
0.789325867832
0.789790030068
0.790367343581
0.790790973893
0.791199550927
0.791531298546
0.791886117199
0.792216722566
0.792512961761
0.792761586903
0.793002627517
