0.0714285714286
0.0723370668814
0.0723710633807
0.0716399037293
0.0714754674417
0.0733368764172
0.0722041651482
0.0743187437012
0.0723092639834
0.0723941292787
0.0730774678423
0.0729022150086
0.0735002695275
0.0723564376147
0.0726351327982
0.0734924110901
0.0722067233391
0.073406972536
0.0717996461978
0.0713094017369
0.0732032810644
0.0716616398205
0.0718681141852
0.0723182102702
0.0740382338451
0.0719444064828
0.072901228944
0.0729675914678
0.0725593846169
0.0719520198953
0.0726911240687
0.0714947089947
0.0734761006337
0.0728991199654
0.0723090488676
0.0732415864411
0.0723747435482
0.071829361705
0.0721677473073
0.0726687387956
0.0713324863676
0.0714285714286
0.0739186507937
0.0725200041298
0.0732452434099
0.0723233013443
0.0743855835985
0.0734845801057
0.0729521817545
0.0732319904373
