0.25
0.755583713408
0.951228574481
0.972866744357
0.980840279916
0.985273413477
0.988027738302
0.98832571403
0.989915059356
0.991150017511
0.992109016102
0.992900175826
0.993527557362
0.994060576949
0.994701917887
0.995246847277
0.995555533193
0.995826505311
0.99606975492
0.996285286952
0.996478642779
0.996651867441
0.996809666818
0.996953470287
0.997086131437
0.99720597987
0.997317691661
0.997608998702
0.997696362864
0.997778080549
0.997854544007
0.997925082027
0.997991622484
0.998054019209
0.998112181123
0.998167451064
0.998219727311
0.998337702244
0.998382544343
0.998424999062
0.998465271363
0.998503583378
0.998539787478
0.998574482626
0.99860755448
0.998639144942
0.99866932306
0.99869818366
0.998725806154
0.998752330607
