0.166666666667
0.436405976427
0.71733864806
0.77684284094
0.795996007611
0.805644477836
0.812198202072
0.816553317378
0.819289841149
0.820842900856
0.822218965863
0.823369331464
0.824297468419
0.825030319322
0.825719180408
0.826236657499
0.826731467687
0.827167500359
0.827526468762
0.828296712749
0.828047316535
0.828285650004
0.828532973849
0.830909836366
0.828849919498
0.828986795884
0.829142218558
0.829286381962
0.829459837733
0.830433337919
0.829706346983
0.829823882029
0.829907247643
0.830030783905
0.830159301463
0.830268490128
0.830340194233
0.830452037531
0.830519495927
0.830588845789
0.830668907159
0.831566023019
0.830761120786
0.830833556895
0.830872233339
0.830932969956
0.83099649131
0.831044529484
0.832440680634
0.831183922656
