0.18573633157
0.72063430607
0.79472398034
0.807607819118
0.814843927854
0.817932424502
0.821449974203
0.823572899948
0.825093475576
0.826100578839
0.827053037826
0.82766169789
0.82812870571
0.828679521336
0.829033681704
0.829338286312
0.829715889986
0.829939164424
0.83013822357
0.830313039326
0.83047199732
0.830267367418
0.830532402531
0.830736044441
0.830844253675
0.830943247472
0.831166568525
0.831252981774
0.831331371975
0.831397870961
0.831462419335
0.831522314973
0.831579288359
0.83163243036
0.831681710206
0.831732853273
0.831776475922
0.831819311985
0.831863689183
0.831901387042
0.831936574031
0.831967803286
0.832000649435
0.832035771494
0.832065392796
0.832094209434
0.832121928406
0.832148539855
0.832172915764
0.832198108254
