0.125
0.246357142406
0.511665147356
0.580529128677
0.723248368852
0.820629201526
0.840111328995
0.849351777841
0.854650976019
0.857780024142
0.860149683618
0.862063158173
0.863410890102
0.864548199954
0.865595619646
0.866361625804
0.867002261425
0.867575521545
0.86807290903
0.868477763179
0.868850774982
0.869184158585
0.869499897057
0.869769822733
0.870090288071
0.870294178961
0.870488626958
0.870667217523
0.870831497928
0.87098689755
0.871190460267
0.87131355698
0.871448227151
0.8715690455
0.871678315672
0.871782606357
0.871924410147
0.872017521246
0.872097049254
0.872177360829
0.872252770045
0.872319409615
0.872390913749
0.872456468915
0.872513414015
0.872570850379
0.872625884162
0.872679094044
0.872730113596
0.872780209789
