0.131138392857
0.15419094216
0.165516222782
0.280246563244
0.409832358527
0.578233504257
0.744182388377
0.805016431016
0.83027423352
0.841598807846
0.848339774837
0.852809334068
0.855877099685
0.858018908572
0.858598153323
0.860500651772
0.862084333936
0.863182759207
0.864064390002
0.864806380037
0.865439038178
0.866015025388
0.86655126667
0.867171469353
0.86759493749
0.867970473847
0.868098363642
0.868378810775
0.868679858741
0.8689464453
0.869174389132
0.86940345955
0.869616627792
0.869809814265
0.869978673604
0.870233064172
0.870393314764
0.870526262723
0.870654933931
0.87077600252
0.870901252389
0.871015786548
0.871122610271
0.871294219388
0.871388158713
0.871483502488
0.871567832569
0.871650517629
0.871728781265
0.871803352768
