0.25
0.597679176071
0.683180693544
0.69121764291
0.692713508596
0.717764725351
0.701770870082
0.708264727963
0.71781466218
0.722402862443
0.726325960565
0.729785829178
0.728862313996
0.730135740679
0.731664097563
0.733662785071
0.735818431628
0.737870145577
0.738315761013
0.739567207753
0.740104805416
0.740547594417
0.741127752402
0.741708705223
0.742125662297
0.742951450039
0.743535477195
0.743895115596
0.74445490489
0.744657107407
0.744871763424
0.745097278657
0.745285222666
0.745584484158
0.745782460742
0.746055458106
0.746309060662
0.746433014765
0.746570111819
0.746771641418
0.746717010805
0.746884408603
0.746933810289
0.7471449931
0.746874868654
0.747281518096
0.74731128309
0.747370372799
0.74749305533
0.747592090701
