0.166666666667
0.18002926802
0.177616108172
0.183145943563
0.186434319098
0.178950932225
0.181718868103
0.189916454797
0.175002576788
0.171700470312
0.183592634585
0.174107142857
0.178521825397
0.178730867347
0.25246211764
0.206994229816
0.232616668066
0.242035064513
0.25896694071
0.26722260874
0.274686830751
0.264976293548
0.274452078738
0.282538338611
0.283999124939
0.301929062283
0.280655763054
0.287938114765
0.338559160658
0.297448169281
0.331089544019
0.343918370253
0.379711656009
0.380048903443
0.373615592473
0.391891210452
0.38779791928
0.408720020745
0.462286623578
0.434996923458
0.495264456589
0.519461305364
0.577744351658
0.6032187179
0.646298868479
0.683029733189
0.723643896921
0.759469816692
0.791122407569
0.801496776787
