0.25
0.559097116627
0.709175475688
0.728931676423
0.737569392418
0.740826852072
0.742453291276
0.74360066205
0.744374167864
0.744976859109
0.745656435309
0.745957163051
0.746248676027
0.746539993231
0.746850127127
0.747103788398
0.747246947239
0.747408213721
0.747479847721
0.747610396079
0.747738439895
0.747849159862
0.74796188367
0.748069490716
0.748171742937
0.748244220911
0.748281718764
0.748350207668
0.748405258198
0.748446379783
0.748500815895
0.748566967191
0.748620989903
0.748671387918
0.748716805478
0.748758789499
0.748802294669
0.748845554093
0.748878444769
0.748912476065
0.748939122228
0.748967818272
0.748991321876
0.7490143942
0.749041337184
0.749055959209
0.749077614297
0.749098214834
0.749116610052
0.749128375858
