0.0714285714286
0.112819232243
0.139765270672
0.169020358481
0.209009926361
0.282026669598
0.303990353832
0.336510811751
0.358433056076
0.355496062429
0.380620038742
0.429469908596
0.460500617017
0.510896762276
0.525461940187
0.556448711237
0.565349874017
0.591302916179
0.626849142625
0.629721235202
0.67236819829
0.707554899338
0.726285264735
0.741650939725
0.749082920101
0.754349029823
0.758516574926
0.761011249173
0.762957149399
0.764377179237
0.766109847931
0.767455791513
0.768623880218
0.769637227827
0.770504460294
0.771257343744
0.772037203435
0.77265432621
0.773239910215
0.773729726276
0.774172638699
0.774646333782
0.775042250006
0.775478559298
0.775868113843
0.776055429887
0.77635452571
0.776655645992
0.776933823744
0.777195958065
