0.0746023409364
0.10048590027
0.15849588437
0.195497353554
0.262422276455
0.338749785206
0.377278496207
0.402935816204
0.443791897053
0.470640920247
0.538108966474
0.587919658451
0.616004899651
0.628578471818
0.630648079587
0.646449216683
0.65008093956
0.669167035752
0.673230678097
0.683242009711
0.68984273992
0.692195948376
0.69592066785
0.719992371169
0.741187218891
0.754889587284
0.759635330245
0.761802820371
0.764633351711
0.76645500503
0.767659898604
0.768721336014
0.769789716649
0.770689333808
0.771498620543
0.772212172665
0.772836228093
0.773506977554
0.774099904519
0.774566284589
0.774952771447
0.775364461215
0.775685661308
0.776013697995
0.776342154176
0.776661818979
0.776931360947
0.777200095135
0.777517147615
0.777751861921
