0.0714285714286
0.0739982831368
0.0720462068756
0.0727850723623
0.0732152131686
0.0719940982345
0.0736731567627
0.0721021622935
0.0723427319107
0.0736039130565
0.0733470585655
0.0742698353851
0.0738246965453
0.0724919015225
0.0729322770775
0.0730463881981
0.0733401158082
0.0741693809877
0.0747770425572
0.0724851875274
0.0722222222222
0.0724657839326
0.0721641156463
0.0736364396949
0.0724181383863
0.0735914976109
0.0718881600259
0.0719142776158
0.0740646327976
0.0725944187199
0.0722234369938
0.0731960179905
0.072705321712
0.0730088867471
0.0716569484937
0.0724299511471
0.072077453005
0.0747105230981
0.0717054440824
0.0734637188209
0.0717012876579
0.0726779878618
0.0724209639213
0.0729046454891
0.0723873805475
0.075719190775
0.0727337769381
0.0726568201685
0.0727687176061
0.0733728560869
