0.0719183605982
0.0718723929304
0.0724719041883
0.0742773040629
0.0733855938209
0.0719310566489
0.0722836356765
0.0748599590905
0.0718917705971
0.0728189155126
0.0725273914129
0.072987789858
0.0727330130685
0.0713687397082
0.0732878220733
0.0734011599569
0.0714347296458
0.0736563024944
0.0725367130979
0.0714639811778
0.072628968254
0.0718048975543
0.072287516197
0.071961468119
0.0719347032644
0.0738499416158
0.0719491516845
0.0742178197751
0.0727530310239
0.0736790138923
0.0719366665317
0.0721762633625
0.072183677764
0.0719306770327
0.074642550638
0.0732007870112
0.0730234301889
0.072742791313
0.0719712438547
0.0718296822697
0.074292432995
0.0723772340175
0.0737224590839
0.0723374884428
0.0732647493521
0.073358887826
0.0738607298078
0.0733186098513
0.0731569044352
0.0735359892965
