0.25
0.289351851852
0.468211590335
0.666149154557
0.693936095615
0.715435657871
0.72816463798
0.733036145428
0.735973108396
0.73829950014
0.740084522274
0.741252356711
0.742347742049
0.743363523475
0.743915353276
0.744403201103
0.744851833928
0.745210650234
0.745452821244
0.745702450663
0.745937519001
0.746118839319
0.745948124414
0.745690305943
0.746344796127
0.74651576772
0.746932530145
0.747085108467
0.74720738104
0.747325278195
0.747430041569
0.747525811014
0.74760883539
0.747679316912
0.747738860564
0.747811153638
0.747890671905
0.747947278216
0.74800222068
0.748060033065
0.748116833624
0.748166589032
0.748213640183
0.748254963862
0.74831188808
0.74835688771
0.748391966341
0.748432598231
0.748475619723
0.74851062144
