0.1
0.112563547175
0.114111703094
0.144162903609
0.130940296176
0.156764776752
0.169238065766
0.192144072397
0.209982818653
0.243805118548
0.254240156175
0.290956043483
0.297341426764
0.325590275435
0.358414813471
0.37893484695
0.417463777359
0.469178294155
0.505800646443
0.54779909204
0.564257060675
0.570617673699
0.580424842954
0.603884653843
0.631489053891
0.633555770431
0.664181865735
0.727396886646
0.785975462572
0.816563009356
0.833540276935
0.845788663047
0.854621826638
0.859936669691
0.865313969575
0.868581076245
0.871707516289
0.874953623491
0.918862840612
0.939154587094
0.951370312996
0.960104483084
0.965843354542
0.970032637874
0.972516712722
0.974673381365
0.976263736219
0.977812672037
0.979191387963
0.980294274353
