0.166666666667
0.454990122265
0.689868364162
0.777578348057
0.802470570952
0.811694132021
0.816886261577
0.820263712613
0.822182610837
0.823657452551
0.824703756246
0.825666944492
0.82637098935
0.826989955997
0.827497016733
0.827933822161
0.828333861175
0.828643167851
0.828913849265
0.829151445984
0.829381521349
0.829585258761
0.82976255869
0.829933602018
0.830088308265
0.830213972384
0.830342826234
0.83046676871
0.830585003764
0.830693527873
0.830620668083
0.830712201099
0.830796032175
0.830870406625
0.83094715062
0.831016400242
0.831078507856
0.831142366503
0.831199015567
0.831249531818
0.831303942584
0.831357204372
0.831402529257
0.83144252616
0.831485656851
0.831528921977
0.831566236983
0.831605202403
0.831641806941
0.831678779088
