0.0714285714286
0.0752215759801
0.0748341503967
0.093462138675
0.0839384602354
0.0944163360371
0.113788799172
0.10240096842
0.0925349269403
0.0927044700143
0.106957598948
0.0881783424612
0.0813030522084
0.0757504110008
0.0758054487009
0.0798208245761
0.0892502739952
0.0779661114045
0.0758566402805
0.0831378833108
0.0761842099286
0.0723260935424
0.0833004090637
0.0799128478912
0.0844993059051
0.0897962294357
0.0834763763063
0.0743271585488
0.0749154132008
0.0802393793717
0.0803047670204
0.0798433479785
0.0792615274068
0.0756393052012
0.0856578916289
0.0790249916116
0.0756449171931
0.083438291223
0.0848204361157
0.0861455537988
0.0873667292195
0.0802303713257
0.0924088717271
0.0747457534601
0.0883312440423
0.0900308319398
0.106836914108
0.0865061675986
0.111737418418
0.0937228666282
