0.0714285714286
0.073904773715
0.0790609128775
0.0767427040261
0.0799386517868
0.0757255546943
0.0794420636461
0.0758639530742
0.0739307512058
0.0758575689048
0.0766534885352
0.073827864702
0.0751387995674
0.0812403922316
0.0782759949145
0.0812651611251
0.078878919891
0.0820146333387
0.0792796010948
0.0755979744394
0.0922869973453
0.0950118958304
0.0990983233321
0.0963954597228
0.0965151547255
0.0922334297351
0.096120105166
0.0935225286988
0.1070959736
0.101750123759
0.0982903670567
0.113322498475
0.122102795143
0.12799303954
0.124203352882
0.128617356764
0.130956945212
0.131434626581
0.128616916071
0.131539980633
0.136455078435
0.143318445719
0.155192314005
0.151897735937
0.155755240039
0.170859803365
0.170466569897
0.174211870001
0.176636530763
0.182799101229
