0.0833333333333
0.0849241989695
0.0848591655597
0.0847651026222
0.0870044574371
0.0847516151431
0.0866629432838
0.0864471799568
0.0873276314142
0.0843701990165
0.0862601191035
0.0837123524624
0.0903245702456
0.0854088397358
0.0863219071323
0.0869483236671
0.0855520905137
0.0861370126617
0.0847568563915
0.0843428676533
0.0860874765751
0.0863267151042
0.084781874617
0.0844095363326
0.0848589195705
0.0843009376663
0.0844830535765
0.0845843284717
0.0850485772876
0.0844926974735
0.0868752512424
0.0848881531574
0.0859427796842
0.0841067319433
0.0847521322796
0.0869878985865
0.0852849226476
0.0836356485395
0.0847770596569
0.0851619000657
0.0851443942962
0.0855521354663
0.0849724135216
0.0833284415015
0.0859448167827
0.0839177814453
0.0869062084893
0.0864804222149
0.087324533487
0.0840815459978
