0.0714285714286
0.0758944728101
0.075333964439
0.0740392665003
0.0720519636426
0.0718957940319
0.0740970979603
0.0755477831889
0.0751828166783
0.0721049208374
0.0720270742225
0.0719093172983
0.0722739512472
0.074895867077
0.0758718407998
0.0746392009185
0.0749418973939
0.0742566401853
0.072331751328
0.071420093335
0.0718687236799
0.0740289337899
0.0733597104516
0.0723876083171
0.0734266965715
0.0729902898659
0.0725361007498
0.0736962351078
0.0742006152951
0.0735962212266
0.073341300806
0.0721215227162
0.0721406896092
0.072350912091
0.0722708130871
0.0723934544056
0.072936019646
0.072219792679
0.07257131424
0.0729896879387
0.0723441995846
0.0743050991543
0.072385120715
0.0721614583333
0.0732289421371
0.0727891156463
0.0722902806956
0.0730680605576
0.0728446065926
0.0735191929538
