0.166666666667
0.175516502897
0.16939484127
0.185386317827
0.186255268101
0.182475799663
0.173624889771
0.170382968002
0.189705982583
0.219199501784
0.23551506364
0.239940360834
0.249998226485
0.24368171511
0.245682169843
0.230806999898
0.187288457049
0.230779069377
0.236175110059
0.269199373125
0.257683129925
0.295288753424
0.306730914263
0.304796207662
0.306702184039
0.280673771428
0.299180396924
0.292890035905
0.292791875665
0.285808174779
0.293463145937
0.283149023951
0.281662572134
0.295709911872
0.291156169141
0.303206916954
0.371428821436
0.430167803194
0.511974541689
0.566559295399
0.617827207001
0.634478139917
0.725427546604
0.760565299062
0.820519491303
0.898382028207
0.923109620126
0.944991158022
0.955662324347
0.961293700998
