0.0833333333333
0.0862136509081
0.083733267761
0.0838657692931
0.0853327423002
0.0853348945398
0.0866563372144
0.0912934650738
0.0860701709713
0.0833333333333
0.0842047957003
0.08457982552
0.0841254656625
0.0841100863422
0.0833721709838
0.0841241029379
0.0839836103601
0.0859244919287
0.085686194481
0.0848943451516
0.0887530655109
0.0839761499838
0.0846663303261
0.0840264734557
0.0848087981335
0.0841673207745
0.0899513444057
0.086835054577
0.0898986791565
0.0855674229399
0.0851673010474
0.0840903268359
0.0853799790928
0.0839501933252
0.0850117052994
0.0833333333333
0.0861217533411
0.0840903268359
0.0833589979795
0.0833333333333
0.0839997705431
0.0849245413978
0.0833333333333
0.0859672982441
0.0880980096896
0.0855793110895
0.0871119838244
0.0840450649124
0.0858634367604
0.0847110478807
