0.125
0.25459467939
0.42421361485
0.63580729147
0.757166507566
0.807509191359
0.825866061352
0.836450724129
0.843727734204
0.851393954578
0.90290543013
0.94931915254
0.965745492373
0.972898823454
0.97647893105
0.979502478978
0.9816573158
0.983499270495
0.985002578174
0.986086557412
0.986962015957
0.987825874
0.988542445849
0.989178699676
0.989790585613
0.99028905837
0.99073614838
0.991155734628
0.991546263667
0.991899276268
0.992211227177
0.992503968327
0.992774623037
0.99307882212
0.993321841402
0.993538225506
0.993748023222
0.993939825647
0.994113566883
0.994282656211
0.994444621343
0.994644012587
0.994788168681
0.994925835439
0.995054881737
0.995175102857
0.995290662405
0.99539889653
0.995505083551
0.995604861603
