0.128828125
0.167618715193
0.216680756098
0.254403728488
0.281842334768
0.294595046873
0.341724237805
0.405578981671
0.477581473449
0.506000939442
0.563196939971
0.619835471933
0.619162735985
0.659962290469
0.741628423112
0.791331475793
0.813468367381
0.827746599532
0.836945068716
0.852746363383
0.847220800483
0.866231074367
0.941632462474
0.956546468429
0.964807388136
0.970527595899
0.974018570531
0.976550531815
0.979076441528
0.980825143321
0.982079533624
0.983341442667
0.984418130758
0.985361672015
0.986142485259
0.986793073191
0.987390872464
0.987951891692
0.988548334631
0.988975516147
0.98940799236
0.989780129858
0.990167711596
0.990532764839
0.990844529492
0.991133205581
0.99140584168
0.991655675289
0.99190251931
0.992127849715
