0.1
0.124629430608
0.156921585597
0.167099798003
0.281887578344
0.444643059273
0.619701088722
0.802114522028
0.836475351749
0.853062431162
0.863100906693
0.869408606824
0.874591456867
0.878001709592
0.881129517679
0.88319083288
0.884723941455
0.886108617802
0.887176278655
0.888182664357
0.889087961096
0.889854608207
0.890468529775
0.891024513655
0.891519749464
0.89203404453
0.89241224829
0.892760266868
0.893093332344
0.893390725019
0.893656255562
0.893902490325
0.894124977172
0.894348437941
0.894531846816
0.8947110234
0.894890892173
0.895056076884
0.895208912873
0.895402158401
0.895541215333
0.895665706724
0.895779734322
0.895888981934
0.895993422593
0.896093070425
0.896192783094
0.896283526135
0.896369098899
0.896456017692
