0.275829081633
0.692533898362
0.730468719168
0.739367129973
0.76626190516
0.92812570238
0.956112611955
0.969829316142
0.977269968058
0.980978811225
0.983449802804
0.985807105582
0.987405871164
0.988822967761
0.989806301126
0.990530796787
0.991361163689
0.992066469004
0.992711874397
0.99314411341
0.993612153552
0.994160942781
0.9944500418
0.994764873963
0.994981961947
0.995210890391
0.995499093314
0.995753086323
0.995900377612
0.996039443994
0.996188055416
0.996376065155
0.996505685371
0.996670261284
0.996774377453
0.99687049833
0.996955867988
0.997037808278
0.997160948741
0.997232321557
0.997301468185
0.997367189181
0.997428676117
0.997521161534
0.997579360334
0.997630536449
0.997680916778
0.997732826872
0.997778457242
0.997823249038
