0.073346565517
0.107084378267
0.117599253491
0.150671425123
0.190799021227
0.248144562525
0.293343043849
0.351000925274
0.408569263859
0.466180190345
0.528468800622
0.567383218084
0.587161479448
0.609895377444
0.629226712527
0.643299805243
0.661755124232
0.678321837972
0.695292404377
0.705322316302
0.718999660378
0.728811887294
0.735329159849
0.739076040979
0.743380926022
0.746397262624
0.749662515931
0.751582366984
0.753799384249
0.755350071865
0.756921513873
0.758421730898
0.759660767946
0.760840903194
0.763696604725
0.763474337772
0.768546446623
0.767852909438
0.773558204195
0.769532315611
0.771413029772
0.792401699033
0.801315343876
0.806956225867
0.810704115635
0.819522274232
0.825944191722
0.829926481617
0.832225507218
0.833941681154
