0.25
0.330543154762
0.363369663066
0.858128185875
0.953093404658
0.9721763698
0.980375137599
0.984944330083
0.987673109735
0.98962034712
0.991024378641
0.992049159034
0.992899693679
0.993608755139
0.994150037012
0.994638575084
0.995036917387
0.995377384438
0.99567898594
0.995942038461
0.996176456727
0.996393040944
0.99658746869
0.996761180496
0.996911723356
0.997057227428
0.99717977467
0.997294273271
0.99739916965
0.997497804942
0.997588562482
0.997674073577
0.997752467819
0.997829786736
0.997898764244
0.9979655632
0.998026147987
0.998083372706
0.998138210791
0.998188586323
0.998239168452
0.998286067509
0.998330402825
0.998372879897
0.998411552488
0.998448272816
0.998483602023
0.998517148311
0.998550330492
0.998581774958
