0.0833333333333
0.0862216713354
0.0832223686178
0.0840773809524
0.0840926737504
0.0831486517073
0.0859564418716
0.0840372216754
0.0840644350689
0.0865728252704
0.0872362890007
0.0852313923636
0.0860030378592
0.0852288507741
0.0862532609494
0.0833333333333
0.0861221491802
0.0840620557085
0.0857775767002
0.0855320793441
0.0847033546155
0.084078743677
0.084866339359
0.086459552903
0.0886743866017
0.0847303380041
0.0843053647741
0.0883876643691
0.0854084167753
0.0860370697424
0.0853799545782
0.085089498667
0.0864404160287
0.0856765382435
0.0860953532563
0.0837952363994
0.0833333333333
0.0848123581613
0.0856638320986
0.0840040461816
0.0883327371954
0.0837646053792
0.0833333333333
0.0842125026649
0.0839997056515
0.0904834028492
0.0875849128825
0.0845708819242
0.0837130792488
0.0840279335177
