0.275829081633
0.92536144539
0.974169990361
0.984252053671
0.988705479779
0.991158002815
0.992768649361
0.993878873624
0.994690130546
0.995311930967
0.995798434306
0.996197672698
0.996526790725
0.996802563602
0.997038291703
0.99724081925
0.997417917681
0.997573013979
0.997713111768
0.997837137061
0.997947480276
0.998048111939
0.998138886554
0.998221134588
0.998296850177
0.998365995555
0.998430162561
0.998489490851
0.99854440788
0.998595421564
0.99864300977
0.998687285393
0.998729054177
0.998768175323
0.998804659393
0.998839081182
0.99887187385
0.998902672401
0.99893183582
0.998959560951
0.998985988489
0.99901113044
0.999034927963
0.999057597994
0.999079139939
0.999099925214
0.999119700744
0.999138658586
0.999156781706
0.999174140774
