0.0833333333333
0.0849207236059
0.0892701547109
0.0865570710206
0.0847895018813
0.0842486300076
0.0846361088442
0.0864553025657
0.0891864538601
0.0853181092339
0.0832229526426
0.0882288889304
0.0850193224251
0.0840100883149
0.0895979831633
0.0833138615133
0.0851772359585
0.0863335207404
0.0848473203384
0.0848889187679
0.0836410516842
0.0842392978678
0.0833396602689
0.0833333333333
0.0864902643495
0.0850162567274
0.0852351063289
0.0887204016222
0.0853752246981
0.0857900589689
0.0842177415838
0.0840773809524
0.0863488481473
0.0854770288763
0.0831301900339
0.0865107455952
0.0841202007869
0.0847015088087
0.0848459576138
0.0866126254803
0.0853625499831
0.0871447009833
0.0832815497994
0.0845649767844
0.0843151050103
0.0851381502777
0.0852607104095
0.084243128638
0.0874821636297
0.0851329228951
