0.0833333333333
0.102197020363
0.1508039473
0.285010561404
0.380593625838
0.42903626769
0.485023410207
0.511576274015
0.5448872958
0.547240794141
0.553576175422
0.564782502822
0.56422790002
0.568486948083
0.600763126421
0.647990397577
0.696431263543
0.718219287398
0.724700679956
0.72815995263
0.730456594294
0.732440241543
0.734043972168
0.735136946518
0.736253731467
0.73695567185
0.737769124399
0.738401970957
0.739056614252
0.739573067889
0.740015786196
0.740500294607
0.740882919363
0.741259133339
0.741561208362
0.741878881157
0.74218352538
0.742581437639
0.742799975837
0.743047341433
0.743302232492
0.743500897855
0.743731206586
0.743918229524
0.744081784917
0.744227931352
0.744390202404
0.744525981525
0.744653547893
0.744830191838
