0.0714285714286
0.0856027022338
0.0833074866314
0.0795344989183
0.0795061439363
0.0826817947753
0.0858922452622
0.0973224194331
0.105036589976
0.112970149572
0.144601672269
0.167971569847
0.180759351807
0.188054911638
0.200753973171
0.208808306156
0.210385572004
0.212285553173
0.226026490654
0.236808472215
0.236506930472
0.239068798359
0.249043441464
0.250180100057
0.261490118513
0.277400894649
0.283955855177
0.309882206177
0.320300686104
0.335982136965
0.345304350192
0.349132073898
0.352272139668
0.362067562428
0.368919639994
0.373173019588
0.385133261867
0.390790315302
0.393426411386
0.40161604474
0.412420202679
0.418200290839
0.428793623495
0.433567448638
0.426783003225
0.425309238798
0.434355924967
0.441074642854
0.448764314415
0.445948742002
