0.166666666667
0.19525867137
0.169196428571
0.167063492063
0.184320042832
0.17602851431
0.169863315697
0.170535714286
0.199382716049
0.174632109788
0.17325654027
0.198479344729
0.180420524691
0.17066090325
0.188731060606
0.188285383598
0.196641681364
0.167467403628
0.170676256614
0.186055328416
0.177425044092
0.174173280423
0.165873015873
0.183851410935
0.17850308642
0.165448173868
0.175835537919
0.177854938272
0.170920138889
0.214337522046
0.167829861111
0.178456790123
0.168270502646
0.178558201058
0.184112811791
0.174173280423
0.169874338624
0.191971801347
0.166666666667
0.175405643739
0.174520502646
0.221916030301
0.16676744772
0.18661014911
0.196854423868
0.170535714286
0.184924965357
0.174057539683
0.177995874276
0.180590920782
