0.0833333333333
0.127188069658
0.198594262837
0.245601717156
0.369755739018
0.428006121613
0.489360850897
0.591379721956
0.663510191976
0.691538758384
0.703069388692
0.712955780822
0.719040734406
0.722758574576
0.725045170899
0.727653951867
0.729708036385
0.731390898932
0.732983985353
0.734081424761
0.735002209875
0.73595905169
0.736796512721
0.737611035547
0.738294057156
0.739018192359
0.739609711651
0.740169156447
0.740573001403
0.741031626916
0.741410730128
0.741789006404
0.74207410404
0.742366592881
0.742700422213
0.742945545539
0.743160648882
0.743461140463
0.743663111827
0.743841178795
0.744014299346
0.744180010543
0.744339583003
0.7444952815
0.744636761758
0.744764402833
0.744897660513
0.745019285334
0.745131791755
0.745240439649
