0.1
0.103112387612
0.103422799423
0.1
0.100346320346
0.100811945991
0.1
0.102318181818
0.1
0.103890323301
0.101304138322
0.103437109187
0.10995349298
0.102665223665
0.102101731602
0.118633519403
0.1033425067
0.107937833991
0.100062049062
0.108832391374
0.0996713564214
0.103335257335
0.100623404373
0.102382395382
0.104638808722
0.1
0.102401154401
0.102382395382
0.102575937951
0.101208393458
0.10226996152
0.1
0.107047404976
0.1
0.102657708033
0.106161324786
0.102748929774
0.104949328449
0.102711399711
0.10317021867
0.101376503127
0.1046497114
0.1001003441
0.101136544012
0.10403030303
0.10406925548
0.103269119769
0.100062049062
0.104231704803
0.101480068543
