0.1
0.10127994228
0.102098845599
0.104327653828
0.0994866007009
0.102895262145
0.10222017797
0.101139868068
0.104965707242
0.109767889518
0.101282587783
0.102451659452
0.10346993747
0.1
0.106779229837
0.102023809524
0.102582130832
0.102585240157
0.101217051467
0.10120995671
0.101592352092
0.103733677887
0.102382395382
0.103420609153
0.104637766995
0.101081108706
0.101301166426
0.10511295847
0.102655067155
0.103136956298
0.0998636363636
0.102423160173
0.103588462463
0.100974747475
0.102769199936
0.103189935065
0.102897045855
0.1
0.101978956229
0.101222222222
0.103483766234
0.104503126503
0.102375370771
0.103094666907
0.106969167869
0.103456349206
0.103447330447
0.10116991342
0.102885191198
0.1
