0.0833333333333
0.0947688412359
0.0889594339743
0.0862857987746
0.0966866264644
0.143540183683
0.1751618973
0.237240351231
0.33535043234
0.370484330601
0.448387200132
0.489645583591
0.546079927128
0.572433975294
0.562341150514
0.581664469806
0.60524987956
0.65861898504
0.68499949449
0.703682516516
0.710822017649
0.720394581216
0.721984761112
0.725067793016
0.732549214636
0.744665740266
0.760501761285
0.783755094792
0.792927642393
0.797307920057
0.802381448194
0.805003240057
0.808031797782
0.810688814124
0.812269972005
0.813677294776
0.814794722357
0.815918575264
0.817118272144
0.818054061226
0.818839926535
0.819514623239
0.820061367755
0.820705213444
0.820974087298
0.821543997436
0.821947657482
0.822343666506
0.822650840307
0.823066527971
