0.0833333333333
0.0840152796467
0.0848457456344
0.084336246889
0.0849095622427
0.0855375727825
0.0875084296215
0.0847950825629
0.0841100863422
0.0848473203384
0.0862804577595
0.0858094038898
0.0849448200373
0.0841693324155
0.0854703753194
0.0838660577004
0.0844273740479
0.08389835932
0.0850716940215
0.084376695835
0.0875435879156
0.0875631799491
0.0893406053102
0.0859390112543
0.0847656001249
0.0847114372306
0.0852552670819
0.0855009738938
0.0854193996865
0.0857823873343
0.0845428487329
0.087235186023
0.0840714758125
0.0870964972527
0.0847460893698
0.0847875118708
0.0853613505036
0.0867801748103
0.0854542194625
0.0854991821634
0.0838854134365
0.0936115105845
0.0845013297957
0.0832447562358
0.0846910936994
0.0833647769412
0.0848539017934
0.0851787273848
0.0880708823856
0.0841137202744
