0.125
0.225047278098
0.320032569982
0.43636822686
0.498487617334
0.547887407212
0.580183761328
0.61085902556
0.643438973077
0.672362435044
0.69351557406
0.712751245387
0.721817285277
0.726347616304
0.729448623732
0.730964601689
0.733686389997
0.735752245698
0.737073133936
0.738301308011
0.739307233039
0.740007433434
0.740686260183
0.741174412893
0.741938385613
0.742439203765
0.742868849733
0.743289724298
0.743630061112
0.744055812993
0.744310526184
0.744553493839
0.744778021239
0.744939761405
0.745122387403
0.745295548374
0.745469772758
0.745613532393
0.745740943794
0.745871387969
0.745985462282
0.746104405214
0.746220832366
0.746315864587
0.746412552305
0.746504779483
0.746594383292
0.746667697879
0.746752208869
0.746816089288
