0.25
0.857502985274
0.948725864996
0.968708690541
0.979605469998
0.984690083931
0.987505647996
0.989420946284
0.990869677969
0.991956610085
0.992793590472
0.993487701103
0.994059665109
0.994540027252
0.994945148892
0.995301063591
0.995602093397
0.995869495424
0.996108221343
0.996321542798
0.996510062204
0.996680127701
0.996833899577
0.996975127645
0.997107203369
0.99722637348
0.997334724305
0.997437081455
0.997621730741
0.997705091584
0.997783160359
0.997856093697
0.997924907501
0.99798891428
0.998049474697
0.998106338036
0.998159983584
0.99821066062
0.998258470431
0.998303498665
0.998346537087
0.998387723467
0.998426514983
0.998463481258
0.998498833793
0.998532920771
0.998565217812
0.998596109063
0.998626052609
0.998654109031
