0.25
0.702470310732
0.730630006041
0.739166886274
0.741977116072
0.743684866165
0.744805073905
0.745581714054
0.746148100558
0.746630457407
0.746959344273
0.747269100603
0.747505090875
0.747708674311
0.747867444085
0.748022695536
0.748153710506
0.748256477778
0.748100282338
0.748203226957
0.748301224045
0.748393198288
0.748456552195
0.748524539865
0.748681909465
0.748729746859
0.748779228028
0.748819130422
0.748861629477
0.748904619015
0.748938904446
0.748975121994
0.749009075629
0.749036640779
0.749064649262
0.749090142477
0.749117262182
0.74914294873
0.749168296836
0.749252286361
0.749271671438
0.749286917225
0.749305010839
0.749320586369
0.74933647465
0.749350064714
0.74936327275
0.749376393258
0.749390149796
0.749403224006
