0.0714285714286
0.139896810876
0.179412091612
0.272006736687
0.334628032647
0.392866738007
0.441355789682
0.471960206924
0.500900454371
0.520786220061
0.566081012137
0.631759520087
0.694996397282
0.727967302761
0.775735500938
0.795985795314
0.80679004408
0.81451544116
0.820680863127
0.824759864002
0.827643024159
0.829885176054
0.832107583764
0.833796867956
0.835405277027
0.836787028223
0.83809335519
0.839250134673
0.840230713744
0.841156348754
0.841915415502
0.842671533383
0.843320113492
0.843863514807
0.844367645195
0.844823809866
0.845267609537
0.845722703679
0.846098329728
0.846463655479
0.846791887568
0.847133573206
0.847417202082
0.847720768646
0.84802819373
0.848295736146
0.848534735149
0.84876299805
0.848977693853
0.849189725241
