0.125
0.231200467687
0.383232489074
0.575245871933
0.714912624402
0.784070495016
0.825130151502
0.839126170738
0.846483406371
0.851361817703
0.854660813983
0.857421215532
0.859260379753
0.860699647642
0.86185380769
0.863009994978
0.863943633429
0.864732769547
0.865397507027
0.865966862211
0.866514605049
0.866984836647
0.867415184516
0.867795866107
0.868128515857
0.86844892636
0.868751634443
0.869025676544
0.869042799653
0.86926139518
0.869465277188
0.869671203323
0.869858847022
0.870023599339
0.870187479866
0.870339183295
0.870554222308
0.870684649245
0.870817085665
0.871014938586
0.87112252799
0.871216977934
0.871317681525
0.871412009445
0.871497978717
0.871582368644
0.871662838268
0.871742594585
0.871820826476
0.871892431032
