0.10116017316
0.106861696174
0.105544967378
0.104224644403
0.102077922078
0.104918521954
0.10519790593
0.111581972321
0.104915664582
0.102363275613
0.10106024531
0.101191197691
0.104185743489
0.103276815777
0.104222943723
0.105511708199
0.108912460555
0.100288419913
0.10400535972
0.100123376623
0.104681315708
0.101011784512
0.10094973545
0.10213997114
0.101191197691
0.1
0.102444444444
0.101243867244
0.1
0.101998436748
0.101279100529
0.102034511785
0.102921957672
0.104152525253
0.10484035409
0.104152116402
0.102900656222
0.100765845266
0.101427179963
0.1
0.0997435064935
0.0997857142857
0.107020235236
0.103032407407
0.100031024531
0.103254744154
0.101402700474
0.1008001443
0.104396103896
0.100270562771
