0.0833333333333
0.0841159285871
0.0844760652453
0.0853688245515
0.0870716320716
0.0859386251213
0.0847314747727
0.0865162807501
0.0872256940251
0.0864085973804
0.0837148962149
0.0873668052033
0.0839218207007
0.0857092302733
0.0838322631814
0.0844571268678
0.0840597284279
0.0846105906202
0.084097926646
0.0876689666662
0.084183411407
0.0860136763039
0.0838484572001
0.0841786418709
0.0865767408212
0.0854233684763
0.0861200449937
0.0840455840456
0.0849639765505
0.085698072786
0.0859476680218
0.0847983782599
0.0845112864344
0.0857782708744
0.0849773417339
0.0873499710124
0.0840054710247
0.084426448094
0.0855284380353
0.0858298447584
0.0841541827119
0.0847137803182
0.0852493660186
0.0871129023602
0.0847565349282
0.0892570245657
0.084329799474
0.085600364735
0.0858695210086
0.0855186543717
