0.0833333333333
0.0943309281489
0.0941754745537
0.0933888950982
0.0900560818098
0.0930369195947
0.0926046800515
0.105414836215
0.119391711601
0.108400099028
0.130574853792
0.14894218186
0.145984316307
0.149773644312
0.175984476912
0.191137905503
0.206450103259
0.220935954578
0.239640532895
0.252844394668
0.295367660469
0.331385353386
0.350877104449
0.370734670888
0.386531875255
0.398421241594
0.417826249619
0.410967198699
0.431108319918
0.445526412348
0.482528713526
0.514279739358
0.540228131764
0.571476014026
0.609124017048
0.654173969583
0.677295192501
0.710517244606
0.735030633441
0.74755735165
0.764124385044
0.776488924101
0.784513645298
0.790339361961
0.805535311854
0.825966011327
0.833045219587
0.863188794804
0.900100394469
0.92056196953
