0.1
0.150969909142
0.255143910571
0.444985767087
0.589568162926
0.627112985948
0.649580194131
0.66105664211
0.668653680292
0.673195717865
0.676717076312
0.679311816224
0.680540728569
0.681863374135
0.683251422684
0.684606512157
0.687550004835
0.685905578603
0.686745966336
0.687812082639
0.688657735702
0.689098920427
0.689610911156
0.690231282313
0.690770995502
0.690834296564
0.691216516468
0.691727212991
0.692016325895
0.692506067989
0.692891158194
0.693336675582
0.693469678566
0.693750009069
0.694011949853
0.694266713555
0.694291212701
0.694425312892
0.694551441522
0.694734488667
0.694939650603
0.695040349706
0.695221380822
0.695336538913
0.695487089699
0.695569205759
0.695704516381
0.695787851585
0.695914587237
0.696011479341
