0.0714285714286
0.0758402106961
0.107581371017
0.10623428636
0.121572739804
0.17274530974
0.241976756059
0.254406822836
0.292773718499
0.343634962045
0.380860536314
0.413559306782
0.502204577184
0.550357878025
0.586984828182
0.630043501372
0.654010236445
0.68112332518
0.703753352732
0.718395929976
0.7330872642
0.739329385005
0.744919086275
0.750452480122
0.754402191266
0.757658048251
0.760298731786
0.762709438975
0.764422091007
0.765692220155
0.76699319882
0.768274996131
0.769186127166
0.770113426281
0.77095357712
0.771682833715
0.772277083469
0.77288003675
0.773418310932
0.773839627845
0.774286118175
0.774353990039
0.774791063747
0.775181273216
0.775533647176
0.775832777647
0.776122333222
0.776457095134
0.776728957708
0.776998265858
