0.25
0.694502759558
0.725999865921
0.734940519604
0.738702255784
0.738749304114
0.734274113151
0.731003069629
0.740954672952
0.72030906508
0.734419524808
0.734635868764
0.722371775762
0.724949903703
0.727159680391
0.729428686153
0.734543812453
0.744049632149
0.731630097741
0.732595436664
0.732571183686
0.733923994459
0.734757251952
0.735114936129
0.735797881002
0.739512874764
0.736883945215
0.737531968394
0.738179279923
0.738649726525
0.744698608465
0.739509453611
0.740026079269
0.740169618277
0.740425817791
0.742797271225
0.740602000776
0.740641876528
0.741005294986
0.741273929094
0.741364926727
0.741755718817
0.742019319261
0.742348105649
0.742427436093
0.742696848819
0.742962443448
0.743229402312
0.743349249155
0.743345162719
