0.0714285714286
0.0763674279758
0.0849173298398
0.106616224705
0.144718504962
0.169840447668
0.210017679268
0.263326539019
0.319249436766
0.377981162608
0.460678304881
0.516299877855
0.553136858919
0.591966033818
0.626760063372
0.649607069097
0.690758050462
0.708512945696
0.720967061234
0.740703762561
0.766191696495
0.779307114145
0.790719866408
0.800351251294
0.830150194846
0.846481071482
0.859286798882
0.871473442719
0.876857838702
0.88220789203
0.88727839843
0.890450433059
0.892927360465
0.894978628897
0.899188257254
0.90579498225
0.917004145321
0.934268822091
0.946803504375
0.953634403783
0.959254983511
0.96443343001
0.96711194972
0.970274383211
0.972340947205
0.973961626332
0.97549836807
0.976882273174
0.978006205203
0.979040520181
