0.125
0.128755787037
0.126643518519
0.125
0.138153409091
0.125
0.126550925926
0.127152364418
0.129742890212
0.145544504541
0.134799811733
0.129423983135
0.132779927249
0.131797426146
0.12493844697
0.127690972222
0.126646990741
0.129907958554
0.125
0.124730902778
0.125
0.125
0.124264219577
0.128121527778
0.12662037037
0.125743634259
0.126937830688
0.138209851491
0.124973958333
0.134183201058
0.132536043095
0.125462549603
0.129474481922
0.128333333333
0.128915922619
0.136514169473
0.126456679894
0.12626901455
0.125
0.125
0.133394758598
0.138578869048
0.126954199735
0.126190551347
0.136663690476
0.12708912037
0.15656990232
0.129377480159
0.129510582011
0.130625526094
