0.0723908983236
0.0780760464005
0.0750258032134
0.0772017246861
0.0831635394085
0.0814968781999
0.0855967442623
0.0877140003943
0.0910046173389
0.0798828317612
0.0838186691159
0.0826865783924
0.0963122145074
0.0932175192063
0.0899187363732
0.0874337914627
0.0946747709031
0.105519991702
0.0989554160659
0.0946374641318
0.118320705327
0.130945026734
0.165560432762
0.182036341596
0.192409158498
0.206915516725
0.216736115203
0.21776450494
0.229257231977
0.233638545632
0.240337621404
0.24085080794
0.244424597511
0.261796487313
0.273478561816
0.280020190108
0.291925754734
0.308083608391
0.322846971546
0.342176300124
0.361234637759
0.378198671208
0.395854991261
0.397888212111
0.405910481092
0.423988171989
0.437400638205
0.443186489052
0.457374971289
0.466920178134
