0.1
0.158301639256
0.239070935697
0.351717122344
0.423913080192
0.536708869791
0.671943159
0.753289462028
0.803573620975
0.83407739044
0.851665403279
0.859185613312
0.863911762707
0.870164112543
0.874372483884
0.877641559758
0.880083394742
0.881739186896
0.883424972438
0.884744604679
0.885957788096
0.886783313654
0.887820297639
0.888073323465
0.888753399119
0.889528912002
0.890060025118
0.89056835997
0.891077423848
0.891557901376
0.891980099656
0.892305112914
0.892769935286
0.893025530111
0.893276190196
0.893501258423
0.893717620705
0.893908006351
0.894151222669
0.894331976723
0.894505852831
0.89466234851
0.894808282087
0.894987009324
0.895120603355
0.895245164428
0.895369660257
0.895479114797
0.895587027011
0.895689505557
