0.0833333333333
0.0906489732645
0.0966402694765
0.0959133922591
0.124302819432
0.126345207697
0.125750726926
0.128976582826
0.144447808141
0.184287545655
0.159711155565
0.163056084866
0.185974938599
0.200612913277
0.209114686616
0.225645259484
0.250321124203
0.252171287862
0.264248178988
0.281822772152
0.287077909337
0.30292559876
0.326388076501
0.342144282392
0.346343116392
0.373632572802
0.392949682617
0.396611325196
0.417492875912
0.432435550511
0.449510316061
0.456493230401
0.47680781094
0.487989629965
0.494714284192
0.509902170822
0.522646084766
0.535574879716
0.550242930376
0.564305470481
0.587785241555
0.595943356024
0.623396840032
0.63816257891
0.658258667669
0.673954534319
0.705847754537
0.727182108142
0.745457740026
0.772146979855
