0.166666666667
0.305508296264
0.490192441347
0.610459181173
0.751266684218
0.897123250119
0.953553681334
0.966193915509
0.974391317637
0.978969763291
0.982421251197
0.984818641972
0.986596687982
0.987983852689
0.989220151924
0.990161587651
0.99092528341
0.99178835487
0.992350493385
0.992934852872
0.993370462151
0.99374695839
0.994079127449
0.994461521028
0.994802113995
0.995041666509
0.995258461091
0.995456554381
0.99564295951
0.995810858764
0.995965301938
0.996167703919
0.99635499147
0.99647586951
0.996590289188
0.99669836189
0.996798613048
0.996939167839
0.997028884883
0.997111627668
0.997189480552
0.997263686336
0.997334058038
0.997400430221
0.997464870305
0.997525173903
0.997583631025
0.997638561971
0.997691201533
0.997741631862
