0.126181520062
0.140407501449
0.130118546577
0.125983796296
0.127231516554
0.137135878992
0.12622974537
0.132013976571
0.128469328704
0.137672208193
0.128992091049
0.136841242284
0.134668034512
0.129370424574
0.127915877525
0.12643904321
0.133477530992
0.128151743126
0.128211805556
0.129143518519
0.128040123457
0.126808449074
0.134906856261
0.133888538159
0.132438271605
0.130270713083
0.131601167929
0.129029531425
0.126697530864
0.129562991021
0.133783143939
0.128811728395
0.126302083333
0.134184171258
0.129480131173
0.127521832912
0.128279320988
0.125998263889
0.133827160494
0.124879436728
0.131821338384
0.131090226763
0.125906635802
0.137386451319
0.128953861532
0.136759641873
0.125188078704
0.12839550014
0.127891764871
0.129333344125
