0.0714285714286
0.0762521499613
0.0754388663099
0.0781246200361
0.0772285450712
0.0869871265668
0.0872362410432
0.0804441757764
0.0798580925625
0.0834766642383
0.0795842373891
0.078488308643
0.091695319142
0.0933710814791
0.0938708558721
0.095358375613
0.0908351011541
0.0869044050204
0.0853422238886
0.0862169596674
0.083239480381
0.0917789946749
0.100934275941
0.105777125933
0.117774904467
0.131050456414
0.143530080722
0.146246306231
0.154886330977
0.168213070932
0.174980248524
0.198044996674
0.214437454894
0.246937649665
0.271061425846
0.285504274455
0.304943093356
0.31514350902
0.328033011113
0.33957247129
0.353726367777
0.371524337026
0.395226209853
0.409493813933
0.421634227787
0.438808636213
0.445586914609
0.455948626758
0.461408122949
0.471652166168
