0.179526748971
0.503963770437
0.704195403794
0.882234540941
0.947126732268
0.963642820375
0.972681450349
0.977893075118
0.981512414865
0.984389720439
0.986292551577
0.987750908367
0.988912379946
0.990002688203
0.990815772516
0.991502857136
0.992211552597
0.992921163981
0.993349606562
0.993731701972
0.994072687235
0.994386628763
0.994664016387
0.994912489645
0.995140513312
0.995347308236
0.99554091648
0.995716648849
0.995879677793
0.996029698243
0.99616972796
0.996300723506
0.996423619887
0.996537294977
0.996643602791
0.996745200998
0.996839329459
0.996929476634
0.99701360751
0.997093330337
0.997167544342
0.997239402148
0.997308279859
0.997373167809
0.997434900919
0.997493841083
0.997550713829
0.997640079377
0.997691265101
0.997739961554
