0.125
0.203397635345
0.347074211192
0.472583854151
0.714260304391
0.787700097179
0.81515101245
0.831051799641
0.840654820372
0.845049107474
0.849273630327
0.852962881775
0.855661290559
0.857788342179
0.85961567538
0.861191171894
0.925365451594
0.964518661896
0.974946786948
0.979693436063
0.982397233139
0.984536587972
0.986004672796
0.987187214552
0.988074006998
0.988906015979
0.989524942986
0.990225784807
0.990723349222
0.991142639641
0.991570686837
0.991926491841
0.992285709747
0.992582724682
0.99285315591
0.993207601282
0.99344302564
0.993660683812
0.993855963036
0.994040461038
0.994259035262
0.994423033651
0.994584568791
0.994731092246
0.994874379382
0.995004569302
0.995129271855
0.995248794246
0.995364105126
0.995469147763
