0.0833333333333
0.0851715579394
0.0842924643148
0.0844278585722
0.0848673574368
0.0843304439535
0.0846148135689
0.0838589015938
0.0833333333333
0.0833333333333
0.0847110478807
0.0842281242473
0.0843699124949
0.0837620075503
0.0832340491142
0.0840255974185
0.0864223595676
0.0883235754804
0.0859192387696
0.0840296855922
0.0848468660969
0.0848500457875
0.0858769676301
0.0867075592553
0.0839152167277
0.0839216256627
0.0846326912175
0.0840773809524
0.0852837815529
0.0856089168217
0.0842131450922
0.0839418907995
0.0856043138409
0.0841957072647
0.0872993034761
0.0845130490468
0.0869516099783
0.0840903268359
0.0839935733909
0.084300867783
0.0884438139965
0.0855208091071
0.0863372779667
0.0872741705809
0.084018329554
0.0840060001412
0.0868525127733
0.0877752054729
0.0832793795343
0.0840578485668
