0.166666666667
0.180655942933
0.174900793651
0.188387009816
0.173051196489
0.16938303099
0.178743214458
0.172889896699
0.192220962459
0.170020786092
0.169123204837
0.168367346939
0.191187610706
0.205964781746
0.184378543084
0.169123204837
0.174603174603
0.166997354497
0.187093595154
0.190892234419
0.17507558579
0.176583758503
0.213506393298
0.213723737358
0.215763745112
0.170534139582
0.177173091459
0.169288548753
0.166027336861
0.174409486017
0.180793335853
0.179667816201
0.180211089065
0.17294973545
0.182027903754
0.168430335097
0.206538170824
0.180366591081
0.169312169312
0.190244708995
0.185389503023
0.187948790627
0.171201814059
0.183687904174
0.182259516461
0.166997354497
0.176550558495
0.170540438398
0.171319916856
0.194048812005
