0.1690287226
0.166873346561
0.167052469136
0.171589584908
0.234379598322
0.268419280872
0.277925253883
0.330668660379
0.357949027675
0.367438174611
0.389956533322
0.395093286684
0.449337803545
0.47388411153
0.491197593541
0.542546771673
0.588814496122
0.617960581288
0.655429950528
0.692293209971
0.721889966174
0.762136455418
0.881474674544
0.924055700679
0.943199516293
0.95387370293
0.960081617175
0.966073054181
0.969697481945
0.972731293776
0.97519363057
0.977138634034
0.978846010904
0.980264528686
0.981466229952
0.982543792028
0.98349669552
0.984340937681
0.985112538894
0.98579130627
0.986423542304
0.986972169699
0.987501900588
0.987995013703
0.988449818645
0.989002118076
0.989382724142
0.989738120062
0.990065422009
0.990377872208
