0.0833333333333
0.110572141087
0.145344750643
0.176788740038
0.21126144317
0.255697966788
0.283057751862
0.335460860402
0.442926593246
0.544987509897
0.594690604291
0.641141518306
0.688380815888
0.722359005851
0.740904631053
0.755281850492
0.767400016751
0.776345769017
0.786614262517
0.788413040298
0.792585336937
0.796132290766
0.79920114485
0.802131606321
0.804652077405
0.811064135313
0.808112570402
0.809477177837
0.841331724446
0.865421696253
0.875666202022
0.883789452291
0.88842394816
0.89069342741
0.895594649433
0.900681194834
0.90002101523
0.898789777467
0.899801090788
0.900680229801
0.930772469363
0.947217340381
0.957579304009
0.966128513333
0.969961779666
0.973492133137
0.97647421826
0.978584488395
0.98047979769
0.98149672937
