0.0833333333333
0.0929798945247
0.109330226166
0.106635368475
0.0991392288142
0.0939708284146
0.121330140862
0.101593787977
0.107299304393
0.0997040919608
0.0958689423285
0.0940809626365
0.103472719255
0.109515971952
0.103640166356
0.0951535318366
0.101311588095
0.0919208951661
0.100760788284
0.102748863196
0.102216068561
0.105915135175
0.110870136067
0.115885710638
0.129859707643
0.148094127323
0.175744692742
0.197975583658
0.211467893886
0.226028227013
0.254140751727
0.26866029628
0.293612826111
0.312778078687
0.322836358084
0.34846078173
0.386716758638
0.412581313888
0.42112656001
0.434514156534
0.457198937428
0.472657728869
0.479060755317
0.490073007976
0.50903633063
0.509187348768
0.52083344558
0.52455381867
0.544267118467
0.55945360246
