0.1
0.146939629734
0.262144838509
0.360275023814
0.482489908998
0.561941206735
0.640878644346
0.693243979459
0.751262977453
0.801484060854
0.82534167754
0.840415265839
0.849056350476
0.855811642178
0.86045532336
0.864620127911
0.867835192343
0.870814829863
0.873188556487
0.875177674607
0.876942647039
0.878530146692
0.880060436245
0.881160011224
0.882164337981
0.883046808694
0.88383662859
0.884670614023
0.885335331156
0.885947476346
0.886516589069
0.887153531895
0.887659027691
0.888204686451
0.888626815028
0.889120726058
0.889463997967
0.889796591175
0.890092959626
0.890388433144
0.890659877666
0.890922316557
0.891166074323
0.891396733604
0.891671479849
0.891882126209
0.892126653396
0.892323989415
0.892538947184
0.892701670746
