0.125
0.152433774802
0.261476203209
0.300877677135
0.379283371955
0.413097756161
0.467719974015
0.55221376111
0.650581391572
0.734734042732
0.786009342014
0.811655825038
0.823834440995
0.835512276281
0.842977947262
0.861265605158
0.916420532236
0.949932231987
0.960111807991
0.96614324155
0.971177009223
0.974481010238
0.976910173035
0.97891412969
0.9805844674
0.981854810979
0.983033485883
0.984105010725
0.985043470631
0.985799764242
0.986489425703
0.987102185604
0.987658686444
0.988200591335
0.988774815912
0.989218709621
0.989634049479
0.989997538396
0.990346738555
0.990670778087
0.99096755575
0.991252407986
0.991519171119
0.991761259388
0.992000109506
0.992221993535
0.99244001769
0.992639325649
0.992830135325
0.993010326889
