0.125
0.503259100886
0.759168086186
0.823748036021
0.838524023335
0.848730105802
0.855076993819
0.858188264273
0.860818556224
0.862634972887
0.864009642663
0.865140264883
0.866023202061
0.866799752634
0.867435078966
0.868026292927
0.868492277799
0.868902510211
0.869256341053
0.869590100302
0.869886809319
0.870165970804
0.870396131348
0.8706066906
0.870788972796
0.87104028312
0.871204277424
0.871349894287
0.871490422276
0.871620395562
0.871741265579
0.871857944886
0.871954644575
0.872054717068
0.872145097329
0.872232181027
0.872314656476
0.872394051504
0.872461746001
0.872529685677
0.872598682641
0.872661184052
0.872721267605
0.87277513837
0.872827976562
0.872876704588
0.872922716795
0.872967188053
0.873009205984
0.873050724284
