0.0833333333333
0.0879441526321
0.0832260674416
0.0855075784214
0.0848591955097
0.0852591306584
0.0848407338363
0.0839779993957
0.0840773809524
0.0857942226242
0.0844270712202
0.0833094856532
0.0841282560033
0.0834670750168
0.083741620758
0.0883067733266
0.0859814857211
0.0856043138409
0.0838184632827
0.0840333195244
0.0842135777032
0.0840773809524
0.0874443478424
0.0845834564833
0.0833333333333
0.0845349059954
0.083287404468
0.0842715072626
0.0881166846042
0.0860339289867
0.0847381221177
0.0853079212454
0.0902650208011
0.0858782993509
0.0840363730369
0.0850498075112
0.0850752057411
0.084636454933
0.0889279354544
0.0848414151986
0.0840105425565
0.0833223810654
0.0839459753682
0.085782848786
0.0849423866005
0.0854492876974
0.0833333333333
0.0880940333217
0.0835756711873
0.0855041535845
