0.25
0.317892156863
0.434367484367
0.551431501655
0.71798206145
0.906298255016
0.951158446401
0.96509485822
0.97308760411
0.977954915231
0.981380572828
0.983865980525
0.985762150054
0.987220770474
0.988450345548
0.989460821686
0.990317163776
0.991056584717
0.991672523512
0.992211126311
0.992678740951
0.993099795342
0.993471756196
0.993809503346
0.994110456986
0.994384803579
0.994629937411
0.994859554124
0.995070579894
0.995264531855
0.995444032735
0.99561131949
0.995765111408
0.995907552804
0.996040844425
0.996165280652
0.99628274438
0.996393891646
0.996498704827
0.996596123023
0.996689463075
0.996778308859
0.996861324948
0.996939944465
0.997016252284
0.997087839204
0.997156960674
0.997221896452
0.997284762066
0.997344345482
