0.0714285714286
0.09541281961
0.123842300992
0.213279981262
0.300702746436
0.386395316456
0.480597950591
0.58229840791
0.620089996716
0.63886186948
0.657087072035
0.667637713505
0.67408136039
0.680284768394
0.685811225196
0.687315949557
0.699238446584
0.706512408133
0.789863468116
0.814632532646
0.823078816557
0.827802264086
0.830388745021
0.8329037579
0.834956231339
0.836320778782
0.837833273602
0.838943497528
0.840049018482
0.841018527356
0.841856259464
0.842652293746
0.843308159643
0.843945302855
0.844453051497
0.844974926511
0.845403042606
0.845861126498
0.846307348965
0.846541317008
0.846854632709
0.847227992081
0.847537494945
0.847879416956
0.848153854371
0.848406455445
0.848638758024
0.84887801612
0.849082480355
0.849290298561
