0.128828125
0.156863323068
0.214202002329
0.259140957708
0.421410668437
0.51124070464
0.53611871861
0.58750331475
0.656432639698
0.752052136451
0.857814204099
0.912092366215
0.931391847211
0.944979015361
0.955122872207
0.962508170295
0.967381801822
0.970737591497
0.973741979095
0.975979372437
0.977890271824
0.979544596297
0.980919296406
0.982117996229
0.983143424859
0.984082411355
0.984903223204
0.985658170851
0.986368412346
0.986985835992
0.987540803658
0.98805372859
0.988538465233
0.988988307996
0.989402603115
0.989786385678
0.99013192293
0.990463443107
0.990775253892
0.99106003889
0.991332049282
0.991589849133
0.99183286329
0.992062098057
0.99227727999
0.992475849389
0.992671319454
0.992857923533
0.993030590927
0.993197698443
