0.0714285714286
0.0725359623016
0.0727162293489
0.0724209639213
0.0716812439261
0.0718355913794
0.0738634091592
0.0742379451781
0.0721543468578
0.0719175170068
0.0732598575144
0.0713732993197
0.071936143505
0.0727281746032
0.0728439743953
0.0737023455215
0.0716933916424
0.072894730809
0.071889425413
0.0726119391209
0.0730280207321
0.0733410864346
0.072448372206
0.0735714285714
0.0714476028507
0.0719533527697
0.0726854298267
0.0720921910431
0.0723026502268
0.0722710155491
0.0722625374555
0.0727332599707
0.0726007828727
0.0716439432916
0.0721829446064
0.0758011604113
0.0735167221651
0.0758327321942
0.0757678007983
0.0739169298672
0.0740141279726
0.0739404407596
0.0731443098073
0.0728057681406
0.0736589635854
0.07290471213
0.0728904225381
0.0728997791343
0.0728892747575
0.0739414344169
