0.1
0.116797077047
0.146744185976
0.135979917019
0.16511158448
0.269981605591
0.339851153146
0.429381448952
0.469437139755
0.511090420783
0.542441128158
0.609168770556
0.711755266082
0.767158802926
0.817214743613
0.844361583594
0.858835300432
0.865895170533
0.870168384724
0.874053129939
0.876898873173
0.878987949645
0.880764599876
0.882276041378
0.883617232566
0.884835970621
0.885852866086
0.886751492482
0.887464261887
0.888149706996
0.888753423139
0.889251420714
0.889741371453
0.890214077837
0.890624526412
0.89097290093
0.891316927017
0.891658062719
0.891953348764
0.892228580253
0.892495009085
0.892741766462
0.892983924653
0.893185488165
0.893386084506
0.893573607085
0.893755650257
0.893931538141
0.89408800241
0.894237026089
