0.273263888889
0.951662241373
0.979232519914
0.987334031344
0.990844117615
0.992808080312
0.994129001127
0.995039904932
0.99568941759
0.996188819555
0.996579722605
0.996906601033
0.997177131664
0.997395763165
0.997592934783
0.997760956652
0.997907178874
0.998033198558
0.998144831243
0.998242794172
0.998334286021
0.998418239519
0.998488864606
0.998558909448
0.998620821123
0.99867554339
0.998727441176
0.998775972228
0.998820659417
0.998862061252
0.998900760981
0.998937353138
0.99897209351
0.999003448757
0.999032650374
0.999059631357
0.999085321744
0.999109647735
0.999132969374
0.999155427903
0.999176168986
0.999197219245
0.999216622089
0.999235417625
0.999252507335
0.99926844818
0.999284109162
0.999299741697
0.999314652482
0.999328378599
