0.0714285714286
0.0723935809443
0.0731770877994
0.0728228677384
0.074252573053
0.0731629313432
0.0727032717849
0.0725463384759
0.0726338273405
0.0724384684429
0.0719114193296
0.071443148688
0.0721460206106
0.072894610225
0.0728126771542
0.0725061931285
0.0719786605118
0.0724107142857
0.072353655748
0.0733103598582
0.0736137003821
0.0725115150227
0.0722724327826
0.0738515093537
0.0736964235099
0.072978875724
0.0728253310253
0.0725552795523
0.0741118915762
0.0753109815355
0.0734747867401
0.0719760285066
0.0733185402137
0.0735321003401
0.0730266794218
0.0725125660383
0.0726054231216
0.0735337155696
0.0733435889237
0.0724677251853
0.0720412212504
0.0730725623583
0.0729115604575
0.0726071172517
0.0719401927438
0.0727249858277
0.0727628894695
0.0731787426981
0.0719477686908
0.0727547477324
