0.166666666667
0.182846749811
0.181213781809
0.182027116402
0.170304232804
0.17115457294
0.177878558831
0.181167065592
0.173067838246
0.172406462585
0.174477198287
0.189914021164
0.217937452759
0.245634712218
0.251317227746
0.238750783156
0.275219714664
0.264734862199
0.286285975929
0.275945434617
0.281638036996
0.268727862478
0.279550806194
0.318481421351
0.356860814908
0.353110234891
0.372547244266
0.44760233835
0.468072822628
0.470886005309
0.481321376525
0.512500040575
0.513054640841
0.514565033837
0.524911248475
0.544442017641
0.593920041118
0.635435170885
0.684298192938
0.715937762534
0.762725080893
0.78326010472
0.797117176893
0.804082138496
0.809469417902
0.813096040056
0.818592288481
0.823047229414
0.828296899955
0.891437156413
