0.0833333333333
0.208754929823
0.274952664354
0.440061853508
0.525341146657
0.613445802586
0.675108135783
0.754895195053
0.825694761941
0.863117092772
0.8741429357
0.881476128797
0.886214836606
0.890087543931
0.892655806185
0.895025282438
0.896903862694
0.898612283536
0.899954892777
0.90114855696
0.902110874983
0.903002701171
0.903785324666
0.904582292091
0.905217529657
0.905761219831
0.906265645501
0.906783663739
0.907202441698
0.90758801531
0.907949315619
0.908284213718
0.908587098332
0.908865958811
0.909133912279
0.909374297805
0.909605634276
0.909816514274
0.910027584408
0.910215586035
0.910399929867
0.910573470969
0.910737182234
0.910889170856
0.911034972097
0.911177045268
0.91131078941
0.911433979141
0.911553840172
0.91167653502
