0.125
0.150467660577
0.154568110241
0.25209658953
0.414376122848
0.494244677308
0.501023028671
0.523240971882
0.537126395225
0.625060323794
0.66124833246
0.69572188325
0.712519015191
0.721716636655
0.725026893189
0.729157384367
0.731413132147
0.733282974168
0.734956908692
0.737224839255
0.738636205778
0.739459947349
0.740297382647
0.740966968161
0.741513078291
0.74216141589
0.742554142034
0.74290458576
0.743249641062
0.743552446095
0.743868790623
0.74412789021
0.744366839845
0.744571748463
0.744762369357
0.744956261205
0.745132549324
0.745307767167
0.745455914149
0.745609734853
0.745740531824
0.745874418225
0.746000897072
0.746105252036
0.746214509756
0.746317117039
0.746407719992
0.746502788293
0.746592345254
0.746684095399
