0.125
0.206977463217
0.299714099258
0.46465130122
0.65296418533
0.778683509437
0.817869553744
0.833257708398
0.843576230727
0.84907857611
0.852508886378
0.855808307571
0.857949285863
0.859079008148
0.860846826927
0.86195119114
0.86325681289
0.864154580425
0.864910771066
0.865593559405
0.866237786615
0.866897837402
0.867320116885
0.867727584953
0.868103716106
0.868403928989
0.868713025069
0.868979052914
0.869239363165
0.869461975709
0.86967144882
0.869867962695
0.87004666383
0.870214950596
0.870373632268
0.870517653066
0.870664737789
0.870793919392
0.870914851022
0.871035080118
0.871143786309
0.871249611745
0.871350976385
0.871445499253
0.871537436402
0.871616783206
0.871701559274
0.871772028686
0.871847613025
0.871919281937
