0.25
0.531064354402
0.918496702757
0.966832686513
0.978296525402
0.983953490765
0.987311665342
0.989487452433
0.991032710068
0.99220061115
0.993099013076
0.99379889665
0.994371479852
0.994851934401
0.995254050058
0.995602719673
0.995901667833
0.996160329549
0.996389966374
0.996595607494
0.996776181767
0.996940026568
0.997087843765
0.997222800296
0.997344801289
0.997457443294
0.997560731054
0.997656712011
0.997745012261
0.99782608217
0.997901958826
0.997973074839
0.998039247864
0.998100636497
0.998159172014
0.99821406874
0.998265747372
0.998314377768
0.998360462699
0.998404095998
0.998445485729
0.998484709245
0.99852206993
0.99855738874
0.998591043178
0.998623395757
0.998654240352
0.998683769966
0.998711833605
0.99873871753
