0.0714285714286
0.0812524407911
0.0798059716699
0.076124171891
0.0821089277055
0.0882018247456
0.0838708417851
0.0784592969485
0.0815792085538
0.0827287373707
0.0835759804653
0.0893234832218
0.0936178279371
0.110817257821
0.119490253601
0.130078544454
0.148307642418
0.179028024335
0.197563237231
0.204042919203
0.212262504401
0.22146177379
0.226152471095
0.243035627452
0.251786669056
0.284284268841
0.291237195377
0.31219593638
0.324655344214
0.321245404308
0.338353804835
0.349929641247
0.354772432283
0.360590817942
0.370966199091
0.371297175378
0.379337327941
0.384259007142
0.385064374965
0.391371735046
0.42873784273
0.440649334252
0.460947186391
0.483958007926
0.502205726588
0.510168782389
0.529419512354
0.54098511638
0.559783647042
0.586099396916
