0.166666666667
0.166855631141
0.178398211136
0.172759697313
0.177091206853
0.166690287226
0.179708973236
0.171839569161
0.170941987906
0.173681972789
0.202823008221
0.189072699787
0.186355905999
0.17634164777
0.184506094104
0.193358625501
0.182125414268
0.191682606685
0.177472088372
0.176263950445
0.21524476956
0.25216738265
0.281746694779
0.256811480379
0.279610912417
0.280192542061
0.271018386711
0.285404937756
0.278302320668
0.290022431071
0.337622722941
0.352503767997
0.430383955748
0.504316440988
0.593445629042
0.660393921145
0.718679845757
0.807924403679
0.864071066453
0.915386375811
0.936249763497
0.947656452365
0.956237958115
0.961939724947
0.966445204029
0.970079697053
0.972700748717
0.974985489756
0.976949005152
0.978629366596
