0.0833333333333
0.0941096158756
0.119883560011
0.123176820204
0.136921654055
0.138052388243
0.172746244371
0.166331637095
0.179582058426
0.188894198122
0.201894102269
0.216493407948
0.230031510552
0.252356722969
0.263840997577
0.270938755776
0.27683639184
0.291593548404
0.291786728374
0.315453435262
0.330339572974
0.349897286215
0.351065019015
0.37193398972
0.387164725068
0.391949060773
0.408053153886
0.418250186859
0.436687804157
0.437062361013
0.446143323077
0.474307162453
0.511523361542
0.552444275525
0.601432639037
0.635533259527
0.650921139204
0.667399561635
0.684738583274
0.69386731846
0.701507315771
0.707701554137
0.712122726827
0.715981546648
0.718865944629
0.720832062515
0.739522389527
0.761021750144
0.77091778627
0.807822639438
