0.25
0.272435897436
0.5119354964
0.660083043205
0.900674963635
0.944823793179
0.961741895385
0.970412045141
0.975854974104
0.979875621688
0.982744140911
0.984911827258
0.986588287446
0.987926777146
0.989008798963
0.989931987358
0.990702033565
0.991361966087
0.991922184883
0.992432600518
0.992865198726
0.993261432711
0.993620724442
0.993942933688
0.994233806708
0.994496338196
0.994736387465
0.99495517356
0.995156468434
0.995343309073
0.995517624132
0.995679656362
0.995829488284
0.995969492044
0.996098775468
0.996221206851
0.996334849244
0.99644394391
0.996545748866
0.996640127117
0.996731080874
0.996816631004
0.996899075957
0.996976518943
0.997050805133
0.997120424758
0.997187446188
0.997251417576
0.997312401457
0.997370806377
