0.125
0.200866634631
0.42437350387
0.490383843939
0.500279626342
0.586042730863
0.699362056933
0.749433178448
0.804295762381
0.828724659478
0.842263802493
0.848780686794
0.853651969089
0.857136346482
0.859178761618
0.860961847341
0.862172830504
0.863239959842
0.864097881897
0.864869694169
0.865628000683
0.866143671141
0.866665818696
0.867095860698
0.867502514738
0.867890668258
0.86821314589
0.868519810453
0.868899923621
0.86916109845
0.869397974541
0.869608210942
0.869825935561
0.870005181336
0.870173349263
0.870328816827
0.870479018102
0.870623048062
0.870764317281
0.870909136262
0.871027318813
0.871146089498
0.871253963489
0.871355081699
0.871442927437
0.871522018716
0.871605886373
0.871685214333
0.871759763952
0.871831702331
