0.125
0.152575935699
0.128670910494
0.208211320234
0.283105390004
0.309510398017
0.374234319987
0.46493478929
0.588812793316
0.60965388651
0.646236721683
0.64164053066
0.805463346363
0.837581352633
0.847583585245
0.851467937857
0.855110041668
0.857835876439
0.859590350968
0.861137216616
0.862378811476
0.863415155416
0.864244967112
0.864957660414
0.865667917947
0.866221082029
0.866699189185
0.867152621011
0.867673391594
0.868044472876
0.868341830587
0.868636262076
0.868896193991
0.869146945118
0.869367973529
0.869666511172
0.869852928106
0.870031810185
0.870206122002
0.870375406945
0.870533294266
0.870671862291
0.870799809207
0.870919864159
0.871043211993
0.871148522854
0.871250038097
0.87134668285
0.871436860886
0.871525401547
