0.0714285714286
0.0833896940884
0.093865409947
0.120848240178
0.140231273906
0.163151544299
0.203469710977
0.233893950528
0.25296276426
0.271292985377
0.284164682852
0.308274517635
0.332338002617
0.351252252283
0.37331829555
0.383660054937
0.399088049872
0.41015931492
0.438497976641
0.459364711236
0.469707916294
0.497352491157
0.527297487513
0.548048097953
0.571716741052
0.582048198308
0.591329950936
0.606043719086
0.620264134231
0.648234986151
0.659793955492
0.666632467913
0.670905790525
0.677560635231
0.681934370686
0.684322535826
0.688866928041
0.689832962245
0.695831960986
0.70473158702
0.707503736418
0.71749051752
0.722843645073
0.731904680504
0.742715538332
0.751815411912
0.756030724503
0.758168692453
0.76135255977
0.765617370693
