0.1
0.120006976519
0.149479411716
0.139448915255
0.178278225953
0.204891591927
0.205513706185
0.206370051206
0.261177986191
0.284435156003
0.321187774971
0.347108216143
0.409573591598
0.436320647682
0.459261550021
0.487053468567
0.515354769982
0.545407041792
0.564587058459
0.578235079844
0.592671527819
0.58394952211
0.595695200741
0.600346176572
0.6372658255
0.646856243292
0.676546932418
0.691352605191
0.692306721066
0.725997132781
0.760315264128
0.8107391934
0.832988355506
0.842720409799
0.851746014617
0.860473533804
0.865041159098
0.868646494363
0.871075999868
0.873371563684
0.875607492707
0.877317931159
0.879216853441
0.880290815752
0.88678308956
0.912665569264
0.942097850601
0.950778219802
0.961963445025
0.968323578513
