0.0714285714286
0.0785905177129
0.10193654274
0.111819125414
0.120365112288
0.132599057791
0.161172305669
0.182343605224
0.219319335913
0.231358812915
0.268623620553
0.321951925277
0.375431285401
0.437528344685
0.481270612341
0.522599688506
0.577301394349
0.623734759868
0.649334228736
0.676328791672
0.702811342138
0.742958720499
0.758755717252
0.776928954907
0.791616367096
0.796960054638
0.805114654365
0.820790025157
0.839320832867
0.886929511245
0.91072948606
0.929088380109
0.938338515175
0.945067180077
0.951591999413
0.955093952472
0.95909675809
0.962233999302
0.964653140325
0.966584733019
0.968489870619
0.969941573283
0.971471319162
0.973147860524
0.974342318313
0.97542712303
0.976494017307
0.977455176479
0.978259580404
0.978968495587
