0.0714285714286
0.0759846222513
0.0838890876697
0.0786123744494
0.0794112494159
0.0787334229168
0.0870201802082
0.0767845461143
0.0920134046096
0.0740939671098
0.0783839560267
0.0796188096376
0.0820451121132
0.0782358386251
0.0857599493318
0.0871168248068
0.0925931358525
0.0884633036649
0.0805240232264
0.0777038854296
0.100874450285
0.100634803063
0.0874078801247
0.0866146773003
0.0794298817956
0.0820983656475
0.0844056087987
0.0791803448842
0.0785961690084
0.0812708825018
0.0756690737357
0.0796044546216
0.0783543210855
0.0848369480903
0.0944125876118
0.095912380765
0.0938377718368
0.0979699417121
0.0831312446331
0.0868484811755
0.077100281379
0.0751635504933
0.0832656091796
0.0734853935374
0.0787727012169
0.0794842558235
0.0792749366048
0.0765552479945
0.0791710812941
0.0734962425288
