0.25
0.440136505991
0.548406850677
0.548857085694
0.929427942158
0.9660581224
0.978293017987
0.983893983559
0.987112980431
0.989238960816
0.990701918222
0.991842485915
0.992759079392
0.993495748429
0.994080823087
0.994569924204
0.994990168814
0.995342315519
0.995642569255
0.995917099811
0.996163689978
0.996387924154
0.996580067319
0.996750306508
0.996904377747
0.997050040451
0.997174946837
0.997294838578
0.997400448834
0.997499843963
0.997597836517
0.997681996001
0.997762983607
0.997836306852
0.997904754993
0.997970021327
0.998032934332
0.998090077986
0.998144595247
0.998196114416
0.998246239896
0.998291703364
0.998334555252
0.998375434626
0.998416442549
0.998454316385
0.998490028805
0.998522433469
0.998555670003
0.998587620424
