0.0833333333333
0.157720798437
0.260837332016
0.296076967577
0.36597443133
0.391841643074
0.437331233179
0.503332507742
0.546704074119
0.585187661824
0.667640449924
0.751090120334
0.79992187751
0.853077314998
0.868696467187
0.878466012798
0.88458831771
0.888666440303
0.891495075344
0.893920126807
0.896049810081
0.897864036527
0.899292031577
0.900600083235
0.901593228878
0.902595139936
0.903474001497
0.904140986657
0.904796147105
0.905334615582
0.905870798074
0.906395650196
0.90682630566
0.90721969168
0.907582199787
0.907926433727
0.908237219603
0.908519500987
0.908783386311
0.909048043196
0.909274414897
0.909486663273
0.909697596673
0.909890677362
0.91008303295
0.910265162918
0.910443495099
0.910614656516
0.910754916187
0.910906250886
