0.0833333333333
0.0981441763678
0.0973771736686
0.0929381522882
0.0993213649694
0.111914149787
0.113929522251
0.111359887313
0.146427717266
0.143842298696
0.147441899708
0.152845883005
0.156652571736
0.168888417757
0.178274799468
0.194919341894
0.202252928035
0.205888190623
0.222662802759
0.227929040433
0.231082044438
0.237164083178
0.259407376588
0.253864649911
0.250439619653
0.262168175009
0.28613227856
0.299110207823
0.307465520862
0.314631649751
0.340749840567
0.343162152338
0.360911177924
0.353832348651
0.367424537185
0.37994467926
0.381478867556
0.39243749356
0.416657062647
0.424820458613
0.422981151321
0.437056152683
0.464332363322
0.471963630082
0.48481387836
0.493495971192
0.499341229692
0.504148931898
0.503640972799
0.512454717313
