0.125
0.186476134696
0.228816533955
0.302163766648
0.392929887489
0.469578426186
0.512918963641
0.594928586615
0.651630318106
0.679842094017
0.693540701595
0.704493454788
0.719282939101
0.739323311519
0.727819136991
0.73216183809
0.812995917008
0.832889529475
0.839839991942
0.846829656203
0.849890035568
0.852121999839
0.854234511565
0.855476811691
0.856995233486
0.858275029343
0.859255443896
0.860018287432
0.860664583565
0.861222736663
0.861865718529
0.862621650197
0.863163446872
0.863657545744
0.864128696937
0.864600794049
0.864999090922
0.865343989402
0.865681372421
0.86597841411
0.866230468828
0.866504634096
0.866741132776
0.866973252077
0.867240705936
0.867439376665
0.867700569083
0.867952559722
0.868132513507
0.868306409173
