0.275829081633
0.925631295591
0.973826103475
0.983655775814
0.988688115843
0.991165041592
0.992740398479
0.993833623159
0.994661914339
0.995286125903
0.995784072459
0.996183575701
0.996516940813
0.99679653526
0.99703098375
0.997236499132
0.997414378568
0.997570152275
0.997709409321
0.997832960547
0.997944046175
0.9980438505
0.998135393112
0.99821837042
0.998293829125
0.998363839215
0.998428403779
0.998487397332
0.998542451362
0.998593881818
0.998641753486
0.998686509832
0.998728259275
0.998767440174
0.998804310002
0.998838814541
0.998871644783
0.998902379926
0.998931663664
0.998959304682
0.998985724986
0.999010829668
0.999034729745
0.999057422356
0.999079049422
0.999099798507
0.999119397192
0.999138359119
0.999156557647
0.999173990777
