0.0714285714286
0.0843202669444
0.113098172449
0.142357728925
0.186702561779
0.220265831734
0.239606458852
0.266617365819
0.317905738632
0.397990494941
0.440545835966
0.477519275303
0.503787534827
0.553149595473
0.593547475993
0.647339636105
0.678854845918
0.699671915174
0.713611881893
0.727242688553
0.740640962411
0.75514395787
0.784540041268
0.797505302163
0.804838403607
0.816666900846
0.817256521697
0.818541790734
0.825279600095
0.824131295123
0.830754513372
0.828752757585
0.830557751441
0.832134393067
0.839384087459
0.859464995295
0.870015208902
0.881073906267
0.886320661952
0.893954282725
0.897174877541
0.899833264797
0.902486892849
0.903561850653
0.90458505956
0.905340196369
0.906177544431
0.907085521998
0.907948310378
0.908756978078
