0.25
0.398997058619
0.566825845216
0.826886093019
0.92704922671
0.953142237807
0.966053068685
0.973571732655
0.978237597006
0.981407411033
0.9838369747
0.985726817775
0.987175566088
0.988403784768
0.989400459656
0.990253760584
0.990957393427
0.991574090702
0.99213141657
0.992615374321
0.993025743604
0.993402882153
0.993742808228
0.994044539495
0.994318179449
0.99457625569
0.994809332314
0.995019907061
0.995215107826
0.995399465852
0.995569933916
0.995726401833
0.995873913433
0.996011579632
0.99614014892
0.996258286339
0.99636997829
0.996475863961
0.996574662581
0.996669049743
0.99675977432
0.996844791773
0.996925763869
0.99700180456
0.997074611005
0.997142741151
0.997209271607
0.997271518758
0.997332344872
0.997389577915
