0.25
0.269463340892
0.25
0.245
0.272953869048
0.301192891929
0.278199404762
0.250173611111
0.272222222222
0.417711752946
0.535158170429
0.882023610454
0.956501887269
0.974094065579
0.981262443019
0.98567338581
0.988240142664
0.990059372394
0.991419365383
0.992385212681
0.993172547632
0.993807113433
0.994351223821
0.994798084141
0.995176576963
0.995510128242
0.995792164312
0.996043833654
0.996270228118
0.996470973517
0.996645910953
0.996804898755
0.996957466181
0.997087432613
0.997210323192
0.997325412632
0.997429500309
0.997527456384
0.997615299429
0.997699525859
0.997778169934
0.997852797135
0.9979198572
0.997984148526
0.998045847287
0.998104050282
0.99815883729
0.99820697375
0.998254210444
0.998299088185
