0.125
0.128693181818
0.126797839506
0.128005401235
0.132195917508
0.13448053638
0.130640695146
0.145904479847
0.132895080859
0.14427378265
0.132211612654
0.136792833639
0.132975413861
0.130557309203
0.143894093421
0.130998176207
0.128520447531
0.12993441358
0.126728395062
0.132896324355
0.135280671296
0.129570882435
0.128934132997
0.125932677469
0.125183256173
0.131416785375
0.12628279321
0.126205632716
0.128198653199
0.126292438272
0.125906635802
0.130758540264
0.127507716049
0.128875999579
0.128919051627
0.12962962963
0.129541070426
0.13819391835
0.128103956229
0.133517561983
0.126755401235
0.131910774411
0.124699074074
0.126658950617
0.135129156145
0.124504594557
0.125918209877
0.129524498457
0.131330667789
0.128414351852
