0.1
0.116878047003
0.140827086823
0.158414834017
0.180504573743
0.199528655017
0.231615219552
0.261016501386
0.283395569015
0.313917042012
0.411186146564
0.47435740253
0.537733017074
0.573150191682
0.616401350381
0.632170801233
0.648232042742
0.695307535925
0.738857334705
0.781209754946
0.811522077187
0.829667031854
0.841693988312
0.84939345706
0.855200329524
0.859890491977
0.863895721224
0.86910287982
0.871778478409
0.874162294416
0.876303445052
0.877910604063
0.879344807525
0.880517667859
0.898977926414
0.925963665392
0.950236338966
0.960209185576
0.969180618298
0.972784712796
0.975317647795
0.977400869972
0.97885310053
0.980258250997
0.981295422095
0.982175925733
0.982988687042
0.983682493615
0.984328695125
0.984916498586
