0.1690287226
0.168367346939
0.171726190476
0.174943310658
0.167044595616
0.167800453515
0.167694160998
0.172745023936
0.169188161376
0.231612253487
0.270994476851
0.246926686777
0.257035806985
0.215238423193
0.240226993575
0.226024149773
0.234821428571
0.266651646414
0.269883498458
0.278150888759
0.276371411336
0.279441789277
0.272832725564
0.291251980873
0.302229087564
0.400723022165
0.43770639435
0.474527457412
0.490633844273
0.499756532227
0.52845947711
0.582895378301
0.615038176951
0.626629309345
0.651025195454
0.654549454799
0.70861701832
0.742557366987
0.773182624554
0.790726335553
0.816216672404
0.824792011826
0.895299589341
0.941751700336
0.956744429307
0.964469025524
0.969907788432
0.973415617004
0.976075671001
0.97826500627
