0.166666666667
0.552280000403
0.674677670865
0.781498659059
0.803057358831
0.941273838183
0.968804639035
0.974519342651
0.979593410846
0.98293276405
0.985241681396
0.987039965813
0.988334161137
0.989418226884
0.990291076225
0.991041063084
0.99169573136
0.992250014375
0.992731546085
0.993164506502
0.993545979471
0.993890290473
0.994192435752
0.994559567689
0.99487447981
0.99509854756
0.995305679138
0.995494571482
0.995672057726
0.995830008449
0.995976180979
0.996117126008
0.996251833758
0.996374856924
0.996489001934
0.996593986404
0.996693147411
0.996788417408
0.996879689462
0.996965108087
0.997046613867
0.997122247397
0.997195901178
0.997306609708
0.997368954508
0.997430579593
0.997488109053
0.997544724607
0.997599687576
0.997651530813
