0.125
0.414329529636
0.627720784133
0.680624078601
0.705794003809
0.720182281982
0.725827538975
0.729973257233
0.733347678021
0.735514594718
0.737545754934
0.739023690203
0.740307328102
0.741169388179
0.741838175563
0.742578616353
0.743155697986
0.743746008487
0.744154583325
0.744275691679
0.744562741984
0.744857299916
0.745130756859
0.74545069553
0.745813628027
0.745993316097
0.746177809459
0.746330500409
0.746468416638
0.746592233656
0.746729568285
0.746834768915
0.746944961257
0.74705502849
0.747145712245
0.74723070077
0.74731285632
0.74740353039
0.747341334571
0.747415626868
0.747517769845
0.747575498923
0.747635632253
0.747683720255
0.747735928726
0.747786982459
0.747839269046
0.747888062874
0.747934607496
0.747978082396
