0.0833333333333
0.22080470955
0.319368700344
0.355841945789
0.39944307587
0.444522999203
0.453425299702
0.525732576396
0.607132596919
0.673571932715
0.696682916101
0.706672163524
0.713344515882
0.718916117974
0.722879231933
0.726014318931
0.728784846011
0.730245000111
0.73180138619
0.73333427525
0.734499994236
0.735594162245
0.736530735528
0.737316913429
0.73793273853
0.738539027296
0.738762663465
0.739363983679
0.739781267184
0.740237377858
0.740704872454
0.741095864349
0.741552975968
0.741849476509
0.742153431439
0.742438676744
0.742451536893
0.742712616587
0.742965431853
0.743198578952
0.74338813191
0.743605070398
0.743779620862
0.743939568975
0.744095597051
0.744231241438
0.744373389632
0.744543117359
0.744657733522
0.744779223429
