0.25
0.89499428432
0.974415581009
0.984852724797
0.989393183325
0.991826001984
0.993382521226
0.994823285809
0.995527917941
0.996073149383
0.996513313373
0.996844945861
0.997127139536
0.997359618996
0.997557193993
0.997728691534
0.997882189752
0.9980110404
0.998127224971
0.998232417153
0.998322106004
0.998403441261
0.998476230402
0.998545902074
0.998609193554
0.998665978427
0.998718278129
0.998766533784
0.998811069537
0.998853702382
0.998893727259
0.998930232394
0.998963740494
0.998996526894
0.999028019649
0.999057468915
0.999084611473
0.999109204201
0.999133386816
0.999155966463
0.999177269831
0.999197913079
0.99921775234
0.999236192057
0.99925354252
0.999270643166
0.999286454364
0.999302694759
0.99931742642
0.999331330075
