0.1
0.104865040713
0.101736501924
0.104195619196
0.0998822658823
0.100123376623
0.108737133237
0.102050547997
0.100986291486
0.100258709544
0.103955747956
0.106203762287
0.102724386724
0.103294372294
0.109622556015
0.104015207015
0.108562493903
0.107362674363
0.111272095346
0.104769330207
0.103009259259
0.102382395382
0.10441031191
0.0994350649351
0.102505050505
0.0999062049062
0.100092352092
0.110545673077
0.10116017316
0.10247041847
0.10181641815
0.100867063492
0.106073743386
0.103796257644
0.106837789195
0.102727272727
0.102405526352
0.0998138528139
0.104572184429
0.104321508738
0.101805525493
0.104838684464
0.102967171717
0.103865356865
0.10116017316
0.101166512059
0.107593073593
0.10288045288
0.102378787879
0.103375513376
