0.125
0.191434975615
0.12874188832
0.158174360458
0.354762249812
0.383657400403
0.405401470259
0.41007363774
0.510795898522
0.6451928991
0.692435323519
0.709418659956
0.719285497735
0.72597730383
0.729422379045
0.731793820051
0.734014867718
0.735762896152
0.737222791765
0.73840536436
0.739357556136
0.739818840494
0.740453995753
0.741044584447
0.74164329263
0.742104569369
0.742510989008
0.742891952074
0.743217157965
0.743534746521
0.743814192266
0.744056772981
0.744304463593
0.744515455332
0.74472356847
0.744917152811
0.745111577974
0.745359146028
0.745511587441
0.745651583745
0.745790514325
0.74591879444
0.746052388781
0.746165777003
0.746264391233
0.746353999844
0.746447002098
0.746537282184
0.746616541898
0.746706809675
