0.0833333333333
0.106759572232
0.143020690287
0.210942603727
0.290235044328
0.385876886703
0.454621321461
0.511368741094
0.547732738443
0.59070064739
0.621731463862
0.711969707816
0.780597146171
0.814041719762
0.832690851183
0.846931640511
0.856780676041
0.864438035308
0.870053437224
0.874970977294
0.878560739047
0.881550384299
0.884519359997
0.886351311612
0.888272202683
0.889143732461
0.89070422474
0.892341656556
0.893601744611
0.894818557652
0.895862290688
0.896683242882
0.897418336767
0.898251038688
0.899079227545
0.89973852818
0.900329086011
0.900936844687
0.901460404453
0.901994647033
0.902447919713
0.902836115145
0.903274011548
0.903657866253
0.904058018147
0.904411688986
0.904744135363
0.905058096459
0.905407932572
0.905662325031
