0.0714285714286
0.0774639562362
0.0753234329233
0.0837073890358
0.0794790238952
0.0791021793067
0.100727876766
0.115770491265
0.130718809359
0.150096731137
0.164019382764
0.168980593529
0.182003109302
0.177320054084
0.185975762096
0.215837511862
0.241515716252
0.25766934715
0.284345621998
0.311403276213
0.325460343186
0.346352603017
0.381216284796
0.442653806187
0.463081385815
0.493908764277
0.514147266541
0.529940385512
0.548239079477
0.558695236139
0.589241153999
0.614784346444
0.653822365732
0.663945024284
0.672526602063
0.676874796302
0.689449313685
0.694008488306
0.707306870687
0.707296435894
0.702561887521
0.699725899217
0.708329890495
0.709628848444
0.709003971183
0.707754527204
0.705102129805
0.705213477356
0.715890268004
0.710873074711
