0.0714285714286
0.0912441320532
0.0821262074029
0.106415287143
0.129112018278
0.154186132239
0.147005665515
0.189477753284
0.292177783943
0.367548257201
0.448678807598
0.508357727388
0.588241316054
0.607725537086
0.650189975998
0.669492943002
0.700215720349
0.720324533272
0.732925573751
0.741578003748
0.747633117736
0.752931529957
0.756187559387
0.758835696119
0.761256801053
0.762870204616
0.764883932136
0.766285378383
0.767649949041
0.768772273118
0.769794468217
0.770549215604
0.77133335368
0.771981480881
0.772567200265
0.773200740615
0.773698587644
0.774152066446
0.774623725142
0.775052880921
0.775418835332
0.775837427165
0.776178308732
0.776497177066
0.776771194703
0.777039104636
0.777306959013
0.777542822538
0.77778807532
0.777993979805
