0.1
0.148366416686
0.292298138707
0.538664862663
0.613649143656
0.640819667302
0.657227460047
0.667035417874
0.672010580877
0.676527729942
0.67927201231
0.680997654411
0.683309957856
0.684876283449
0.686136023565
0.687151936313
0.688020203251
0.688481298305
0.689331749799
0.690002007123
0.690503013253
0.690986436106
0.691440829937
0.692179155136
0.692418056586
0.692967350714
0.693372009551
0.693681247888
0.693950371567
0.694177559086
0.694170163221
0.694374577147
0.694533757095
0.694765540585
0.69494798261
0.695222393979
0.695384881081
0.695574645516
0.695696450387
0.695825775646
0.695949871312
0.696059462864
0.696160103682
0.696245936943
0.6963348423
0.696423839767
0.696505897024
0.696588051784
0.696665453538
0.696731392978
