0.0833333333333
0.0916462352985
0.109850444269
0.107343609696
0.103904555876
0.120503594309
0.135561487707
0.10820067105
0.131382356778
0.161857530562
0.184270278186
0.191083729301
0.247917537762
0.291441067396
0.319746506272
0.334548656704
0.341481047879
0.347642141106
0.353657849687
0.348670473829
0.353858531663
0.359975706857
0.362918995735
0.371529052377
0.373461804026
0.382320960823
0.389000802052
0.392044634739
0.371939535245
0.393535407138
0.410349829589
0.425022081638
0.46505079714
0.495138795678
0.545507401893
0.585664406145
0.656018014725
0.690197646561
0.712187718515
0.716405158844
0.729096903361
0.726674374413
0.728540466217
0.730220735318
0.731931106066
0.732893834465
0.734236338572
0.738504674069
0.745433894036
0.743702002922
