0.25
0.641134580276
0.694415313781
0.720105608137
0.729278443826
0.733951524112
0.735751660652
0.738234026511
0.738170883529
0.739313516253
0.741189654211
0.742626859329
0.743412653602
0.743913695609
0.743920546983
0.744488779266
0.744740318807
0.745083712344
0.745759527583
0.746024326766
0.746234537608
0.746427102863
0.746556966469
0.746735020609
0.746856506401
0.747231513613
0.74735517605
0.74745335584
0.747544700591
0.747611854985
0.74771366516
0.747788790824
0.747857586047
0.747913794971
0.747986188661
0.748051296526
0.748108513877
0.748155058646
0.748203958222
0.74825606431
0.74829577651
0.748333533558
0.748372928973
0.748407924559
0.748448998793
0.748485781379
0.748516799628
0.74854400618
0.748576469295
0.748608297554
