0.166666666667
0.235215021681
0.207313581297
0.28068516385
0.356562239736
0.369698829367
0.38389280855
0.397318052764
0.395289308964
0.39189112883
0.40586328261
0.408650328238
0.41195840702
0.410930060174
0.400358351925
0.402467795388
0.405748523177
0.40439013461
0.419621411957
0.402268049469
0.444119723191
0.409977781925
0.420303215063
0.40584348193
0.415232490674
0.421160531393
0.413756126571
0.523075837904
0.603497974369
0.643698353022
0.757806027233
0.862920277451
0.933792350524
0.960165839231
0.969152451353
0.975238766639
0.979688317318
0.982629463734
0.984715097072
0.986336783471
0.987559393897
0.988601490193
0.989529599131
0.990272272506
0.990855052584
0.991410192132
0.991878709367
0.992314306887
0.992671615053
0.993021240217
