0.0714285714286
0.0723140049671
0.0740835043095
0.0713743074115
0.0714762343429
0.0740011472374
0.0762103560084
0.0726770748207
0.0729092198635
0.0726826593733
0.0714285714286
0.0734496764976
0.0768360318589
0.0737634459097
0.0727026561286
0.0735319927822
0.0724916125925
0.0726250290543
0.0719183605982
0.0717894598316
0.0714408878631
0.0741358362863
0.0715006722486
0.0729111922271
0.0810879878267
0.0728129291452
0.0721664849665
0.0721613559307
0.0719449918415
0.0732952496813
0.0746863788918
0.0737108725051
0.0714285714286
0.0724673298139
0.0752183668945
0.0717260871362
0.0718814323845
0.0723530273965
0.0718262298719
0.0729630810658
0.0725643307467
0.0732262633702
0.0717782848529
0.072070215487
0.0719245188155
0.0735925942798
0.0726698240887
0.0720321610787
0.0724190692917
0.0714408878631
