0.0714285714286
0.0839087201092
0.106647285071
0.159475837366
0.276322972653
0.365040514273
0.427977296926
0.501134930112
0.625721403461
0.686493355491
0.732126247933
0.773766055295
0.791179596278
0.803661014081
0.811940672533
0.816260539086
0.820742010463
0.824801519542
0.827918845743
0.830464282803
0.832479747058
0.834495171139
0.836196102567
0.837485056609
0.838596663369
0.839484082083
0.840463473841
0.841315027593
0.842114840168
0.842838379534
0.843381630783
0.84402177815
0.844531178167
0.845071698939
0.845540601527
0.845988969203
0.846392881209
0.846793067795
0.847212267853
0.84754170701
0.847843882826
0.848149347187
0.848392160113
0.848636180413
0.848804829375
0.849047364531
0.849231232252
0.849426258524
0.849622998833
0.849802412834
