0.1
0.124634729632
0.121999899076
0.102897890469
0.125978269085
0.221715621251
0.34116891034
0.386172523524
0.447228361848
0.524132300115
0.56862087464
0.584878828096
0.607201891586
0.645349063117
0.666028353121
0.676775284504
0.678665722135
0.694332491707
0.707688431321
0.696309279158
0.689672315022
0.782434144422
0.827461090623
0.857687573623
0.867229621027
0.873292139157
0.877108390301
0.88016040293
0.882225117896
0.883812179559
0.885208986805
0.886185618934
0.886964860289
0.887761230561
0.888480856467
0.889082290321
0.889636489643
0.890125068364
0.890608365485
0.890983584677
0.89135475214
0.891637982506
0.891940144218
0.892239635974
0.892499989205
0.892748510978
0.892970694896
0.893189074884
0.893459183867
0.893642277429
