0.0714285714286
0.0728320881924
0.0719035471331
0.0735816618314
0.0719360258985
0.0724497388241
0.0727565192744
0.0730888620329
0.0723134878952
0.0725877925575
0.0734741684664
0.073224318402
0.0733780193625
0.0728261825564
0.071983747368
0.0721756559767
0.073535643424
0.0728117913832
0.0730811669906
0.0730001316003
0.0727799036281
0.071630223518
0.072131164966
0.0716749676061
0.0730397635245
0.0721047099395
0.0725672456483
0.0739146352986
0.0731032623133
0.0732912540016
0.07179765954
0.0723407383787
0.0745043786364
0.0730418134516
0.0729747732426
0.0731497312686
0.0725621558147
0.073116850907
0.0722027858763
0.073935158885
0.0729381023243
0.0729988081542
0.071972026906
0.0736743018286
0.0720750323939
0.0728492825702
0.0722242468416
0.0741084588597
0.0742624528219
0.0732816043084
