0.273263888889
0.715656972821
0.733382709613
0.738984134962
0.741909868737
0.742690630604
0.743221221779
0.74416963476
0.744889304033
0.745067444378
0.745652367836
0.746293723462
0.746629780298
0.74687519478
0.747133445668
0.747334565181
0.747518521174
0.747667001401
0.747815490477
0.747950016097
0.748058038328
0.748256652869
0.748453305901
0.748527820365
0.748590964007
0.748650667476
0.748698411306
0.748749821137
0.748798580154
0.748840679955
0.748879675606
0.748920374068
0.748953888025
0.748984206101
0.749015282834
0.7490447876
0.749132020505
0.749011232727
0.749039907395
0.74906577688
0.749156245943
0.749179092541
0.749197617696
0.749217507548
0.749237378449
0.749303854006
0.749318920728
0.749333593039
0.749347567782
0.749362321214
