0.125
0.292600953536
0.516102054684
0.695531470223
0.779621476876
0.813805994366
0.829250215716
0.886934047505
0.938046855457
0.957642223066
0.967514638255
0.972401586553
0.976003925767
0.978653348651
0.9807550953
0.982488312449
0.983998385321
0.9851485657
0.98613902336
0.987018992828
0.987803979477
0.988471021945
0.989164421064
0.989787210991
0.990273729704
0.990729303218
0.991131360541
0.991503224704
0.991848645765
0.992167288549
0.992463053786
0.992732998607
0.992980854804
0.993217846246
0.993440207579
0.993747531639
0.993941184882
0.994118752069
0.994286606871
0.99449017028
0.994636561115
0.994779223076
0.994915140639
0.995043658346
0.995166585582
0.995281155368
0.995426663462
0.995530790724
0.995630736575
0.995725142851
