0.0833333333333
0.117469763149
0.173288526343
0.202405927779
0.203867492357
0.205147221463
0.208834833946
0.219628065522
0.229600940012
0.281660635929
0.296317252196
0.352147647653
0.356483000142
0.37984315226
0.413696457864
0.432671314119
0.467060542092
0.510583518195
0.564676591845
0.577225018709
0.590547912395
0.6069670406
0.632689215292
0.639300915124
0.650094421774
0.65190549396
0.657019035459
0.657047265629
0.667365598101
0.666062033189
0.671461357208
0.679595914878
0.690829828664
0.744847341458
0.773584142532
0.783727449562
0.833347850017
0.86312508392
0.877182297223
0.88327446811
0.887752194208
0.891114429973
0.893589392312
0.895408484706
0.897199077305
0.898375371352
0.89949277848
0.900431581984
0.901412889542
0.902150491119
