0.0714285714286
0.0717039196631
0.0734332482993
0.0721762043111
0.0724957482993
0.0725879190962
0.073398728539
0.0729580091841
0.0725526252168
0.0722257474418
0.0728589575711
0.0721317723518
0.0729488635732
0.0733919871345
0.0723084963152
0.0732516533399
0.0732397085818
0.0729457958779
0.0724083100502
0.0724461927628
0.0734865089827
0.0727850271838
0.0718948412698
0.0734790046971
0.0729784934807
0.0729622179386
0.0727356741308
0.0745406604519
0.0728333788873
0.0719812503374
0.073251310941
0.0728833869857
0.0732123474974
0.0735853547768
0.0719539601555
0.0727841553288
0.0739935107446
0.0733153191832
0.0728613254512
0.0731488652008
0.0725542597992
0.0723742234989
0.0735137857664
0.0718323073277
0.0738603867473
0.0756920761726
0.0740450215174
0.0743666906247
0.0720904195011
0.0725968705935
