0.0714285714286
0.0733050666943
0.0745570739732
0.0727542247058
0.0741016324547
0.0714347296458
0.0755136343806
0.0734332925879
0.0725483893954
0.0789796108949
0.0744513839988
0.0727921050274
0.0723744904708
0.0718693985531
0.0724059247955
0.073402653348
0.0724510042112
0.0751720462491
0.0728760515863
0.0744096795464
0.0727943670028
0.0723294592308
0.0719305926736
0.0748029805056
0.0728281458086
0.071946978196
0.0737501138848
0.0718632412042
0.0733932686157
0.0732054579713
0.0713164264962
0.0728147629339
0.0714285714286
0.071761642405
0.0733101104336
0.0747582007753
0.0737371999064
0.0722888132187
0.0735908881162
0.0722844813769
0.0718839865492
0.0721257649885
0.0719210769625
0.0723905187075
0.0748897822116
0.0739329306872
0.0735081066157
0.0731457850998
0.0719199634219
0.0714524345204
