0.25
0.665304265416
0.712780619793
0.72642893745
0.734414916288
0.738961368358
0.741162446162
0.742657474884
0.743681019503
0.744438634859
0.744895417872
0.745422318774
0.745814295179
0.746172413259
0.746467687966
0.746722136259
0.746933538306
0.747123377507
0.74730305134
0.747473174886
0.747627568454
0.74775546697
0.74786625739
0.747969313086
0.748131289814
0.748216279133
0.748289833652
0.748358205578
0.748421920498
0.748473385067
0.748528527989
0.748577129126
0.748625111546
0.748657763373
0.748699009984
0.748741273615
0.748777955242
0.748812047679
0.748845839984
0.748879469592
0.748908820499
0.748943766316
0.748966472639
0.748991775313
0.7490178688
0.749039303649
0.749059467783
0.749076326717
0.749095331888
0.749115466383
