0.1
0.124466374807
0.15070797063
0.148221971668
0.151665993247
0.197250518573
0.264649295164
0.30440994404
0.321496226961
0.358292792192
0.411881257875
0.468061916939
0.483513086379
0.51699531793
0.542451754596
0.572033891356
0.584709840318
0.605451051406
0.631071392833
0.673962853201
0.74332208858
0.785262041252
0.817525317183
0.833412991975
0.844729800601
0.852137699768
0.857484512332
0.862219728409
0.865972817753
0.868858318148
0.871115530884
0.873366143423
0.875404769652
0.87695665153
0.878483336852
0.879757287648
0.880974884523
0.882025216268
0.882884475279
0.88363690689
0.884344590566
0.885019900793
0.895488170333
0.889520960486
0.898162938705
0.913157495401
0.949348512236
0.963816692683
0.971898641115
0.975587086289
