0.1
0.103332382264
0.102820936639
0.103020585087
0.102182736455
0.100523415978
0.105095581186
0.103200890019
0.101351239669
0.105486455464
0.103463269054
0.102982853006
0.102856802289
0.10047840291
0.103714901503
0.101012396694
0.103219795356
0.100944585717
0.101657000342
0.108379635516
0.103416896235
0.101729568411
0.102838525111
0.104948795377
0.102769054178
0.10067768595
0.10128982129
0.105311833521
0.101255108528
0.10062954722
0.103771944838
0.0999173553719
0.105897259306
0.102066115702
0.101634297521
0.105947940948
0.101115702479
0.105511027434
0.103238521579
0.103023375226
0.104897233691
0.102657254362
0.105532863601
0.100403369358
0.113864489046
0.105882837054
0.102379476584
0.101747933884
0.101305785124
0.102541322314
