0.125
0.160187795729
0.18132570113
0.256489850268
0.336213813189
0.391870203218
0.449882046783
0.474693335124
0.527831379093
0.616084381978
0.684909756798
0.71282121776
0.793166564943
0.815003865522
0.827842722161
0.83562045854
0.840290295696
0.843774225061
0.859771525257
0.927496023728
0.953002194894
0.962474110864
0.968661402702
0.972061043956
0.975118587916
0.977481859737
0.979424397538
0.980796936501
0.982048988975
0.98303096264
0.984027521929
0.984811181808
0.985508650817
0.986207797394
0.986820186394
0.987442152026
0.987977892121
0.98846018327
0.98887593879
0.989281968226
0.989736853663
0.990071451597
0.990392109231
0.990696306281
0.990980144488
0.991244500119
0.991486664029
0.991726116349
0.991950385581
0.99216448212
