0.25
0.723107519453
0.860432383301
0.933240895379
0.961008151199
0.973056743559
0.979528835235
0.98368711821
0.987500100414
0.989686654727
0.992043056051
0.993355423952
0.993979493805
0.99463573976
0.995197281849
0.99566993659
0.995969952569
0.996223036089
0.996465144511
0.996689330369
0.996871693788
0.997034131185
0.997176665078
0.997319701186
0.997450541128
0.997628841146
0.997865473246
0.997944200391
0.998093304872
0.998162931166
0.998290961873
0.998358641855
0.998408974583
0.998459936521
0.998511369381
0.998556672312
0.998596330606
0.998638511531
0.998678124681
0.998710738288
0.998742749469
0.998778743232
0.998808685151
0.998835224642
0.99886269443
0.998887236363
0.998971042625
0.998993870827
0.999016465065
0.999036789645
