0.0833333333333
0.0885175300191
0.0920960087102
0.126345896443
0.136278989105
0.147905079949
0.139931639566
0.147739736259
0.169299290841
0.174159133432
0.174495329671
0.198389848127
0.227210360601
0.244760784374
0.264396587637
0.277661680083
0.281060199615
0.288430025596
0.313456052217
0.321435992066
0.32401544915
0.337739152618
0.349753299781
0.349241616155
0.352651771123
0.359236942979
0.369538297933
0.371424766048
0.397612978267
0.422377402046
0.436378684133
0.438730090025
0.441134451305
0.457946758748
0.465845100326
0.466627400347
0.497056655202
0.538316263232
0.572456002389
0.593147050913
0.608618722544
0.616602682401
0.636748696144
0.642154755823
0.644442929791
0.659204125517
0.673704565785
0.692246621842
0.704629148669
0.716915717164
