0.1
0.114075937563
0.135852038712
0.151337748175
0.14647837445
0.181505878614
0.1806116593
0.205855670447
0.222468602198
0.272257620258
0.341470766608
0.406477134073
0.457881302916
0.503143045144
0.538584891916
0.56669973178
0.63990854628
0.702470752246
0.766372247885
0.845026330932
0.896339763108
0.917002346393
0.930843437616
0.940543189056
0.947782414595
0.952816614844
0.95731555868
0.960820554241
0.964034234044
0.966731643756
0.969027406499
0.970955487845
0.972738025401
0.974227971192
0.975548057562
0.976850159404
0.977995003397
0.979023166008
0.979960269877
0.980770057166
0.981581085829
0.982285698299
0.982951312044
0.983562456155
0.984113383914
0.984648582033
0.985162588369
0.985641088751
0.986080331272
0.98649096402
