0.1
0.101311294766
0.101658631772
0.104083890274
0.10139164371
0.101803030303
0.102867768595
0.10120661157
0.104665908683
0.103720615243
0.10477892562
0.100546831956
0.101606290174
0.101564738292
0.10099862259
0.102390785205
0.10118640955
0.106063582251
0.0999421487603
0.103286055825
0.101512626263
0.100587235996
0.101314049587
0.102295454545
0.103037649219
0.101307162534
0.101896694215
0.104407907749
0.102011019284
0.105146399055
0.105654557564
0.102803418803
0.102931916568
0.105445501468
0.10501010101
0.100894257258
0.101756198347
0.102357490994
0.101557392103
0.105892703256
0.103236473123
0.107512615395
0.102085010949
0.11100694003
0.103331708695
0.102939923713
0.09991184573
0.101205340114
0.102441936851
0.102906295336
