0.25
0.722356324421
0.738253691908
0.742241175815
0.744662523376
0.746044195713
0.746785508638
0.747258363418
0.747585240289
0.747881645036
0.748084373594
0.748259285694
0.748399223721
0.74852205313
0.748626548497
0.748723865893
0.748810101738
0.748880500861
0.748943280157
0.748997671276
0.749045920366
0.749091234517
0.749137560141
0.749176054905
0.749215535052
0.749250554921
0.749277286492
0.749304744124
0.749331051713
0.749351732246
0.749371775177
0.749393149035
0.74941257424
0.749429684824
0.749446604679
0.749462270024
0.749476917682
0.749491372857
0.749506038471
0.749518112477
0.749530744538
0.749542666013
0.749554101014
0.749565707352
0.749576318419
0.749586255912
0.749595149264
0.74960444604
0.749612580936
0.74962082794
