0.25
0.696487644114
0.726842875495
0.737405560124
0.74149140672
0.743364285322
0.744386462582
0.745678675025
0.746230675493
0.746702848702
0.74702516371
0.747297059386
0.747534352693
0.747700039186
0.74786716297
0.748007036865
0.748136652857
0.748245184122
0.748348425161
0.748440658608
0.748526083239
0.748603029881
0.748666393449
0.748728144822
0.748786286476
0.748840693253
0.74888728009
0.748929303023
0.748968148711
0.749006476741
0.749040576969
0.749071538989
0.749102773862
0.74912970789
0.74915408144
0.749180435603
0.749201929479
0.749224972641
0.749244823892
0.749262627321
0.749279247853
0.749295788501
0.749313969751
0.749331039468
0.749345316098
0.749362364723
0.749375517303
0.749389308088
0.749401832495
0.749413285215
