0.1
0.174465665637
0.20804369386
0.387973161345
0.531660580503
0.601250282388
0.639121526029
0.653219562536
0.673457421182
0.669707443164
0.675203719501
0.677198410995
0.721501899397
0.748820003717
0.764030145518
0.771570836555
0.7752649955
0.778870780343
0.781269045904
0.782999657234
0.7844418995
0.785730674855
0.78666185648
0.787524065005
0.788324298071
0.789032869934
0.789655224229
0.790354822669
0.790844849724
0.791259767354
0.791690969936
0.792026265505
0.792323395075
0.792734942072
0.793120897514
0.793438182049
0.793655908706
0.793909261132
0.794105299119
0.794286056541
0.794496733326
0.794657608451
0.794816682327
0.794949879264
0.795088680916
0.795223184277
0.795345560222
0.795508225739
0.795654016628
0.795754978345
