0.125
0.136250446383
0.127468258979
0.132913334736
0.129552469136
0.127858796296
0.129704685746
0.126109182099
0.128472222222
0.127112862061
0.129902002984
0.134290561869
0.128206983025
0.130271464646
0.127864583333
0.125964506173
0.125
0.136694732999
0.130456474467
0.13130787037
0.127314814815
0.127931134259
0.131361795034
0.128333333333
0.126963734568
0.125205176768
0.126475694444
0.126134259259
0.127114197531
0.124812885802
0.125743371212
0.132150848765
0.125063657407
0.129380787037
0.126280864198
0.128105709877
0.128994020062
0.127025462963
0.12909345188
0.131095926117
0.132313284359
0.131805960243
0.131590382997
0.125858410494
0.126041666667
0.127982253086
0.130325556703
0.145758236748
0.127604166667
0.127762871773
