0.25
0.380365761689
0.520248091029
0.583930401685
0.87942384647
0.962813881159
0.976538761293
0.982821405009
0.98648447769
0.988899797551
0.990518301098
0.991751486043
0.992654227709
0.993430275013
0.994036879792
0.994541998048
0.994947314549
0.995308016611
0.995628825414
0.995901068485
0.996133102054
0.996356052649
0.996551104571
0.996719187852
0.996873719515
0.997015230489
0.997143547551
0.99726143497
0.997369523512
0.997472101186
0.997565314333
0.997652666891
0.997735886494
0.997815311389
0.997883597437
0.99794722502
0.998008746937
0.998065832835
0.998124143496
0.998177763878
0.998228134616
0.998274141048
0.998318402863
0.99835952208
0.998399349577
0.998436541674
0.998474208841
0.998507557419
0.998541049708
0.998572256748
