0.0714285714286
0.0775478489135
0.0808024998774
0.0822978200485
0.0767007628268
0.0777933916748
0.0837275665317
0.0765259461943
0.0796774195589
0.09738138687
0.101951019988
0.111317693654
0.120542296956
0.163332113199
0.172613002294
0.177034340623
0.182422452907
0.189417117062
0.187505854527
0.193081086072
0.20680720244
0.214986907882
0.219451909493
0.213636043599
0.197115256938
0.208643419914
0.195884288688
0.195638976471
0.202481987882
0.206241809308
0.204392843958
0.195990808887
0.198967326408
0.194286929072
0.208186716306
0.235749415894
0.217681428589
0.217821297249
0.223972049803
0.214434787541
0.213321483151
0.228375979964
0.219777525844
0.225712326802
0.238775980144
0.234608463476
0.228985186629
0.240223841547
0.249972787033
0.273900049606
