0.125
0.12915162037
0.12645651455
0.132270688657
0.125
0.12569593254
0.129708589402
0.126793733466
0.129537037037
0.134829241071
0.129096395503
0.132374601671
0.127702380952
0.126557291667
0.131303323413
0.138858545775
0.156339611392
0.128716104497
0.141731551627
0.12733531746
0.13109077381
0.133217592593
0.127731502149
0.131577794312
0.125179398148
0.144914268473
0.136782997921
0.137549005682
0.134192708333
0.126999421296
0.129716435185
0.127268518519
0.130409680886
0.138777281746
0.125511363636
0.131398203263
0.132846132456
0.124735863095
0.129456018519
0.126924437831
0.128998842593
0.12546875
0.129017237103
0.146393961941
0.125138888889
0.13033234127
0.125
0.133056768078
0.126736607143
0.125
