0.0833333333333
0.177037362082
0.27326800078
0.379052512465
0.430827628318
0.493389010635
0.586553715278
0.623057457833
0.627315881088
0.635385088646
0.640743268832
0.644780438206
0.670465837402
0.697069742673
0.753449849105
0.775374901161
0.793907914103
0.802668414181
0.807754640061
0.811178531803
0.8143052548
0.815961435202
0.81724660837
0.818514576726
0.819460244766
0.82030735833
0.821242194128
0.821920691563
0.82246675266
0.822951830367
0.823449803956
0.82392005221
0.824327822285
0.82469342371
0.825018542715
0.825352706119
0.825637556765
0.825898359755
0.826174485909
0.826388360511
0.82660361872
0.826812449111
0.827008839541
0.827189811892
0.827361505118
0.827538425984
0.827587417716
0.82772813765
0.827875173521
0.828038098447
