0.2640625
0.756719915284
0.941564013187
0.96933472873
0.978890052127
0.983978268874
0.987057180624
0.989125962683
0.990701511445
0.991835464292
0.992724559125
0.993447875148
0.994045305653
0.994553521627
0.994965221605
0.995324732529
0.995639739914
0.995913684144
0.996159647551
0.99637011544
0.996564093168
0.996737609376
0.996893573448
0.997032785039
0.997156932297
0.997276396469
0.997385002064
0.997489370012
0.997579661814
0.997666683739
0.997748971899
0.9978226574
0.997893205068
0.997957472332
0.9980181922
0.998077887724
0.998132081429
0.998182315402
0.998234853114
0.998280516275
0.9983240963
0.998365321632
0.998404749701
0.998442742366
0.998479238646
0.9985143341
0.998547895637
0.998578898419
0.998610109513
0.998639357429
