0.0833333333333
0.0882079039703
0.0871912757953
0.0880407291122
0.0840421597633
0.0848170357065
0.0848948060487
0.0849634314607
0.0866021951187
0.0854569707019
0.0852448305917
0.0844075795999
0.0843478992517
0.0852574305528
0.0854868085466
0.0845690100498
0.0853699776262
0.084108688676
0.0856120883593
0.0845396590589
0.0867765679579
0.0837502571706
0.0843000815958
0.0857286676998
0.085790797458
0.0870735301024
0.0857075936884
0.0840809450013
0.0833401818979
0.0844416127727
0.0859174260187
0.0859023654662
0.0848820872859
0.084461878933
0.0836188765447
0.0854078613694
0.0862284312147
0.0860309633387
0.087035654221
0.085013408511
0.0833127876397
0.0840488685612
0.0852649779504
0.0847558954959
0.0840993941955
0.0833127876397
0.0845078621521
0.0853509763537
0.0837522139033
0.0854646345718
