0.0714285714286
0.102756594035
0.158201983238
0.193511500799
0.235041242039
0.254426335869
0.339010534553
0.464401358499
0.557027596096
0.609205522055
0.662755760101
0.693331870831
0.72097290445
0.735748473702
0.769642144334
0.79290026526
0.804395525126
0.814331496204
0.820976952832
0.825403878784
0.828678641485
0.831447707286
0.833566572289
0.835194707231
0.836435451426
0.837465076279
0.838574330172
0.839743812388
0.840788541853
0.841543853854
0.842327850424
0.842970958931
0.843648989781
0.844249183132
0.844772938701
0.84528533538
0.84568906321
0.84611992091
0.846495592527
0.84685872836
0.847185842466
0.8475146622
0.847809926494
0.848095773653
0.848396468954
0.848644114489
0.848909629427
0.849124323485
0.849325737369
0.849517465654
