0.1
0.103366341991
0.101121933622
0.105805521198
0.103635887922
0.100061327561
0.100783919123
0.103596715454
0.102382395382
0.102566457352
0.103893638769
0.0998804988662
0.105689884961
0.109318555182
0.10174009324
0.101191197691
0.112505153577
0.107592047172
0.101650097918
0.108722434972
0.100539167182
0.099940579262
0.107653679654
0.102833152958
0.10327039627
0.107114203257
0.102437530063
0.101578354978
0.103992784993
0.102001322751
0.103862279255
0.102200577201
0.103280844156
0.101243867244
0.103146516182
0.103688191438
0.1
0.102006493506
0.102660894661
0.102145743146
0.100034632035
0.102061026936
0.111726585584
0.103755832131
0.102187830688
0.100842712843
0.108872172801
0.103406926407
0.103291005291
0.101191197691
