0.125
0.146029979771
0.258160508698
0.362532083382
0.507973475378
0.619790979875
0.719320050741
0.820732720053
0.888975411194
0.927525108816
0.943078667813
0.95200476997
0.959046889941
0.964201746174
0.968355970804
0.971340927726
0.974224776541
0.97627643456
0.978103705058
0.979684834377
0.981062588644
0.982218909113
0.983274844045
0.984187209241
0.985027544343
0.985796321446
0.986483437165
0.987106453014
0.987670616768
0.988182110488
0.988661375992
0.989102999056
0.989504616878
0.989876403209
0.990222864805
0.990550327993
0.990859687316
0.991143183951
0.991416344043
0.991669688454
0.991909311116
0.992134770258
0.99234653748
0.992544666275
0.992736413184
0.992919239636
0.993092080106
0.993258342409
0.993415549846
0.993564205449
