0.1
0.153006425475
0.251855456492
0.430409727814
0.598287466149
0.690133575121
0.734720463749
0.753436972493
0.764797800928
0.771267475163
0.775871088761
0.778986618888
0.781567077742
0.783452234437
0.784921655477
0.786094761761
0.787125201507
0.788092981139
0.788887184545
0.789657929257
0.790297613289
0.790900099017
0.791366518516
0.791813485201
0.792217580815
0.792657345402
0.792943795169
0.793254435502
0.793531146124
0.793777850722
0.794024440042
0.794252646551
0.794450983918
0.794635847751
0.794806689881
0.795046438502
0.79525121177
0.79545810064
0.795629731257
0.795747476965
0.795872951442
0.795976927156
0.796084405248
0.796186081948
0.796324946695
0.796461666222
0.796549380033
0.796630490344
0.796701088915
0.79677567704
