0.0714285714286
0.0717703166336
0.0718354039284
0.0739118545784
0.0736675354666
0.0736883282855
0.0738884134314
0.0726884245762
0.0721550301668
0.0718964272217
0.0728186303319
0.0726956225198
0.0733015974247
0.073128728674
0.0719183605982
0.0719245188155
0.0732394464482
0.0719907238689
0.0718788755582
0.0713613329757
0.0727851507667
0.0713546728215
0.0718356886405
0.0740704698298
0.0729479134853
0.0718559770138
0.0715884843195
0.0735382410653
0.0746836089346
0.0729536708036
0.0719649605874
0.0719830378139
0.0730280207321
0.0729179489256
0.0724380635191
0.0745459031827
0.0718937277292
0.0752207400028
0.0714532042976
0.0752369978859
0.0728305380932
0.0724171761959
0.0724226068155
0.0729029667423
0.0723802268923
0.071966735197
0.0738285631989
0.0729533628928
0.073309875634
0.0724019915506
