0.1
0.102719926538
0.106381800018
0.104526753549
0.102655647383
0.100953856749
0.100780461962
0.101371053189
0.101175052221
0.102566857385
0.101776435686
0.100983930211
0.100727272727
0.103259885026
0.0999504132231
0.102351698806
0.105292470156
0.104823921028
0.10589367703
0.107420339761
0.116649239649
0.102533358056
0.101836547291
0.101232782369
0.101449459631
0.107494361311
0.1009912764
0.102272727273
0.108564216718
0.101630120462
0.102080217762
0.107720347834
0.104548562549
0.102624537467
0.100847195734
0.104246069587
0.102894857668
0.101048209366
0.101421487603
0.100066115702
0.103716253444
0.102335399449
0.101581037649
0.102568994137
0.105251485777
0.103329201102
0.105578918556
0.102451591338
0.105545259935
0.101857596949
