0.1
0.100909690112
0.112943100492
0.133789695817
0.271200606023
0.317999272598
0.443120240649
0.499420959648
0.610440837231
0.740249947184
0.804925585272
0.83134447585
0.847365722614
0.856757438856
0.863977924603
0.869099736028
0.872962297257
0.875613842432
0.878118005277
0.879982494593
0.881594761357
0.882970793984
0.884078373998
0.88509148375
0.885971334698
0.886929424736
0.887651940493
0.888282313599
0.888826958717
0.889376088856
0.88990050515
0.890327442647
0.890701467775
0.891092500016
0.891426127829
0.891739744474
0.892028487443
0.892300318964
0.892540633682
0.892772846727
0.892998931772
0.893214181223
0.893414990112
0.893603001878
0.893787010362
0.89395538344
0.894108103647
0.894260275816
0.894396878481
0.894534190365
