0.1
0.111476314653
0.172808144058
0.183652199515
0.231568568242
0.254492281858
0.30850276913
0.491451705125
0.577135224844
0.625318420333
0.647201822813
0.660187247927
0.668103228474
0.674400521451
0.677493393438
0.69952522165
0.738621005126
0.757676757644
0.767319546198
0.772371579624
0.775269390577
0.777896070473
0.780398975848
0.782267257854
0.783887001949
0.785098960253
0.786001449084
0.786907884375
0.787572155678
0.788246133899
0.788792338446
0.789375527567
0.789840575517
0.790264735953
0.790676450505
0.791086435171
0.791394572844
0.791744655434
0.792030317494
0.792285649166
0.792509710854
0.79253966066
0.792784208505
0.793012681907
0.793210388606
0.793487203686
0.793764135384
0.793915510629
0.794078541055
0.794238455806
