0.0714285714286
0.0736629205254
0.0722651926594
0.0717855624393
0.0728993350813
0.0733692133848
0.0714532042976
0.0736052751841
0.0723956139996
0.0723569728479
0.0719060441637
0.0718581113001
0.0741162662982
0.0717902359356
0.0747435233537
0.0724266244196
0.0714414783771
0.071930845751
0.0719476121302
0.0729394436346
0.0722301628985
0.071865973572
0.0714408878631
0.0721657184699
0.0717599657671
0.0718179099517
0.0714314396393
0.0728725468362
0.0718646554604
0.0722771716574
0.072789436211
0.0714285714286
0.0721678780639
0.0719676263362
0.0733696843359
0.0714408878631
0.0722223651365
0.0718061629414
0.0730318218557
0.0717808235645
0.0729117822724
0.0726282451563
0.0743807165723
0.0733979693068
0.0717885171182
0.0733669082712
0.0728096149174
0.0722309006688
0.0719726504982
0.072808542406
