0.25
0.303566017316
0.450894930341
0.546862330327
0.808364490192
0.920142454038
0.953475443408
0.966615589226
0.973958046454
0.97872194678
0.9818478161
0.984259575053
0.986065051656
0.987491889302
0.988640626846
0.989613885104
0.990425598565
0.991132679465
0.991741893741
0.992276677136
0.992745375653
0.993157375074
0.993523489502
0.993852724168
0.994147996849
0.994413020573
0.994658547952
0.994887645222
0.995096701514
0.995287415727
0.995466346182
0.995629683206
0.995781483034
0.995923258195
0.996056403163
0.996181706465
0.996297948795
0.99640802047
0.99651019754
0.996609281377
0.996702415547
0.996788862724
0.99687268443
0.996951578777
0.997026217138
0.997098060945
0.997166961643
0.997232163771
0.997294711579
0.997355007847
