0.0833333333333
0.098254097457
0.122622709892
0.135010509371
0.148249513692
0.19249679199
0.226300885015
0.285419026706
0.402231174726
0.474333828377
0.552848658262
0.588420818321
0.615637241719
0.624592626525
0.63301475252
0.646202517472
0.660741634259
0.668345238923
0.681383013116
0.709907016461
0.721308968085
0.722425252842
0.725753034473
0.730210378383
0.731888373811
0.732670996317
0.75710020006
0.76589832206
0.785614021269
0.796003921867
0.802853575956
0.806263123287
0.80867299011
0.811564649251
0.81376644702
0.814932901246
0.816395914016
0.817467757572
0.818248275045
0.818949150018
0.819591704312
0.820174061628
0.820737783779
0.821319230211
0.821850475983
0.822344648887
0.822740580867
0.823041328042
0.823391993188
0.823698831566
