0.255625
0.381442901235
0.585377570252
0.686626056882
0.888565549914
0.946269519329
0.962899620974
0.971496908264
0.974952828026
0.980477680194
0.983264244392
0.985283801108
0.986867053883
0.988151322145
0.989179414549
0.990065992451
0.990824570238
0.991460757151
0.992020662344
0.99252247794
0.992957847362
0.993347987504
0.993695697684
0.994007394081
0.994289909028
0.994549971326
0.994786972507
0.995003893196
0.995199669701
0.995384839858
0.995554939966
0.995712112446
0.99586074766
0.99599820955
0.996128962943
0.99625027723
0.996363345704
0.996470333334
0.996570297297
0.996664083496
0.996754552137
0.996839490228
0.996919739413
0.996996223746
0.997069461334
0.997138445887
0.99720508403
0.997268397713
0.997329313691
0.997386919254
