0.125
0.361603398846
0.532273573732
0.579240550702
0.619271577138
0.618254642164
0.690463166338
0.712793329982
0.725005653213
0.732444418718
0.735470712416
0.736989173654
0.738669101617
0.739845191554
0.740976084956
0.741776363306
0.742549691703
0.743102729371
0.743582457862
0.744021520748
0.744344919665
0.744677567848
0.744987876715
0.745255308672
0.745481121617
0.745684061754
0.745883210143
0.746071980972
0.74623194537
0.746447464557
0.746569907976
0.746683482474
0.746803419721
0.746918776289
0.747012005642
0.747097033633
0.747172837078
0.747260705674
0.747335436287
0.747411499305
0.747485979508
0.747552758595
0.747614927776
0.747678542769
0.747731913424
0.747783606595
0.747836201763
0.747887326818
0.747934867155
0.747981963576
