0.166666666667
0.422226269043
0.695279143877
0.932098751143
0.962057751186
0.974748874582
0.980546031661
0.984144391007
0.986684875214
0.988810844143
0.990113264135
0.991223283989
0.992078002719
0.992784915228
0.993374466655
0.993892121919
0.994316058775
0.994693811975
0.995016956847
0.995321793178
0.995582426156
0.995816487409
0.996023962708
0.996213060649
0.996374012783
0.996524843765
0.996660314808
0.996799229177
0.996917142117
0.997030096621
0.997136879699
0.997237486491
0.997328136127
0.997456956718
0.997538728882
0.997613417038
0.997684786784
0.997752167786
0.997814221144
0.99787089722
0.997927315831
0.997979547423
0.998031285091
0.998078065816
0.99812357942
0.998168322667
0.998210978503
0.998251882109
0.998290480154
0.998326153886
