0.0714285714286
0.0753209840484
0.0745115109536
0.0741739463643
0.072071985044
0.0726482274457
0.0729296242306
0.0727310596858
0.0716188856495
0.0730925807823
0.0721712018141
0.0728870313006
0.0732441151064
0.0740569650479
0.0737001187905
0.0763444802524
0.0751510373932
0.0739824491596
0.0730493551587
0.0724441964286
0.0722950311077
0.0727830417881
0.0726518211451
0.0733266014739
0.0736329673676
0.0754793077945
0.0734315541693
0.0719596797052
0.0725062257921
0.0735602053321
0.0727223389356
0.0731687950916
0.0735455189542
0.0721643174466
0.0718965046336
0.0724613997385
0.0720095657311
0.0723901256931
0.0724208373826
0.0732762063159
0.0724275439342
0.0736088959393
0.0740358315945
0.0736738268487
0.0744188081687
0.0742310292464
0.0727782898874
0.0741325696945
0.0733139955329
0.0736535798668
