0.25
0.25
0.423170787546
0.7764887948
0.945699387484
0.969786065777
0.979128531332
0.984148735084
0.987238446376
0.98927805121
0.990754863413
0.991922054414
0.992812934335
0.993529682311
0.9941056998
0.994600079298
0.995020141564
0.995380348526
0.99568872288
0.995955923345
0.996191622134
0.99639502671
0.996586643064
0.996752961123
0.996904856949
0.997050705086
0.997182117512
0.99729771447
0.997404868541
0.997503747372
0.997596727684
0.997682133496
0.997761870458
0.997838207133
0.997907683454
0.99797044487
0.998031269778
0.998089847886
0.998145243225
0.998194528012
0.998243243555
0.998289298522
0.998332980573
0.99837479727
0.998412979836
0.99844965913
0.998485480876
0.998519621999
0.998551794127
0.998585061718
