0.125
0.132718942901
0.125067515432
0.127044753086
0.131288580247
0.138168665825
0.125665509259
0.127391975309
0.126768194891
0.133606025533
0.129378858025
0.13872088945
0.147621918976
0.132073951319
0.124688289141
0.128767361111
0.127199074074
0.128620843855
0.127338927469
0.131668802928
0.128488618827
0.127411265432
0.126273148148
0.128181116723
0.134686272447
0.127918595679
0.130758101852
0.129697145062
0.13372790404
0.126948302469
0.127968048541
0.12895929784
0.126883417508
0.128461261925
0.128849256453
0.12572337963
0.128819444444
0.13148231845
0.127413194444
0.130535388608
0.130027006173
0.124855324074
0.13055573092
0.129861111111
0.148027054928
0.151790674603
0.168507630627
0.159753637566
0.1596882259
0.177400846702
