0.25
0.842314814799
0.946213737578
0.967396743798
0.978194616019
0.983730579856
0.986703875996
0.988835819787
0.990323586378
0.991490533594
0.992429446901
0.99342805835
0.994216931308
0.994910354889
0.99528490051
0.995614973913
0.995901198162
0.996148951647
0.996372222325
0.996713025113
0.996883030918
0.997037223373
0.997176789479
0.997303362962
0.997418493898
0.997524587673
0.997622678215
0.997712795232
0.997795594028
0.997873522244
0.997945853856
0.998012948206
0.99807605228
0.998135523378
0.998191982589
0.998244932001
0.998294985697
0.99834176736
0.998386091514
0.998428551815
0.998468697318
0.998506655491
0.998542527239
0.998576884892
0.998609775018
0.998641166633
0.998671256693
0.99869980171
0.998727457928
0.998753978968
