0.125
0.338830450823
0.545003032394
0.640401364534
0.758528771022
0.871703436586
0.925362977408
0.946160057778
0.957638727143
0.965589673742
0.970477932836
0.974244601389
0.977397670722
0.979602873832
0.981534484363
0.983192760029
0.984589748467
0.985827737526
0.9867718802
0.987595101303
0.988304300478
0.988952971637
0.989534764329
0.990042108077
0.99051028351
0.991075730653
0.991462936535
0.991814305109
0.992134687194
0.992436916082
0.99271380051
0.992968446577
0.993266134316
0.9935430089
0.993751955953
0.993946369921
0.994130935809
0.994304112929
0.994467184843
0.994621447831
0.99476772751
0.994905871706
0.995036819054
0.995158943548
0.995275724131
0.995386926718
0.99549473289
0.99563406746
0.995731668462
0.995825024203
