0.1
0.172896010335
0.307018294124
0.538961123183
0.653193333008
0.736730832319
0.758213029376
0.774766373269
0.783858628383
0.816454036437
0.849785934497
0.866778967457
0.874286478519
0.87766253063
0.880952696546
0.883219308682
0.885043453876
0.886470107033
0.88751440896
0.888484752373
0.889354098753
0.890058237105
0.890609895634
0.891141706239
0.89161787546
0.892061478236
0.892434945611
0.892781552366
0.893095492234
0.893388744945
0.893663339416
0.893930908477
0.894165356119
0.894367471367
0.89457394461
0.894805311209
0.894963322457
0.895117254117
0.895256563587
0.89539500267
0.895528168261
0.89566389173
0.895777464877
0.895891892607
0.895996944478
0.896104323597
0.896196822187
0.896289815738
0.896374515835
0.896454030209
