0.1
0.138232354998
0.227551858873
0.243792425979
0.317778676136
0.404479946324
0.4518766047
0.502751692353
0.503602373538
0.546417564064
0.564415624003
0.60394645338
0.642420347184
0.702506793161
0.742528322333
0.7570422978
0.765125778737
0.770218210791
0.774311907243
0.777122892683
0.77934392806
0.780945049004
0.782648040602
0.783969753554
0.78512377139
0.786141832665
0.786846059985
0.787651649573
0.788284797286
0.788896760372
0.789396868063
0.789905349149
0.790361871614
0.790814002935
0.79125854766
0.791581143038
0.791891285939
0.792159322934
0.792454319612
0.792677288431
0.792932188081
0.793137249257
0.793220130608
0.793392721981
0.793590598857
0.793771655713
0.79399214704
0.79416417527
0.794312802449
0.79444518206
