0.166666666667
0.171056547619
0.163975694444
0.186054421769
0.16902281746
0.173823696145
0.173633156966
0.166666666667
0.166666666667
0.167857142857
0.17669890873
0.173481407995
0.170882936508
0.171935626102
0.20055941358
0.311789274375
0.320883118229
0.403107036703
0.390782121741
0.490837790875
0.392612613867
0.397542434836
0.400140770002
0.426736368927
0.40070797852
0.411000011867
0.399925984436
0.43867656573
0.436540459345
0.429032148043
0.400720535789
0.442890316047
0.445692404392
0.471791447451
0.491956067135
0.603846407122
0.640075102977
0.658627709844
0.666835552163
0.672120318055
0.676215949293
0.67274400394
0.673588673666
0.674679660205
0.676816181711
0.697971554788
0.684760375074
0.685333275926
0.677998938495
0.696369848051
