0.25
0.47191375354
0.928242166206
0.966783497251
0.978378232864
0.984082679922
0.98726887542
0.989478503599
0.991056628105
0.99220774639
0.993086210825
0.993782587429
0.994359452093
0.994837110782
0.995243713515
0.995589438541
0.995887935051
0.996151074464
0.996382274485
0.996588437438
0.996771352139
0.996936034394
0.997084410378
0.997218901761
0.997340799309
0.997452744214
0.997556725516
0.997652273678
0.997740538591
0.997822328239
0.997897287309
0.997968470035
0.998034951632
0.998097273911
0.998155159649
0.998209952804
0.998262205131
0.998310737356
0.998356373463
0.998399969748
0.998441583168
0.998480947836
0.998518697695
0.998554069504
0.998587729389
0.998620412166
0.998651469144
0.99868118875
0.998709432082
0.998736582496
