0.166666666667
0.167672508818
0.173593395692
0.174225245654
0.184102576216
0.187632275132
0.167570153061
0.183358528597
0.174067775258
0.190016233766
0.203284200184
0.194504338254
0.182333456887
0.171682098765
0.191511379383
0.166761148904
0.168367346939
0.17258755354
0.17570271164
0.173762428048
0.175595238095
0.195608465608
0.248238335738
0.249749331551
0.235655275756
0.269680465484
0.27062248581
0.277898527832
0.299468617001
0.284047014521
0.294675656979
0.275532039366
0.27385263768
0.28811046714
0.292306697466
0.292707546222
0.280847590294
0.287780865178
0.323659724043
0.321997755825
0.283020450091
0.320260638032
0.338388329764
0.355930689004
0.380997389282
0.382401636978
0.384078361167
0.38639070867
0.394885752803
0.398698924054
