0.125
0.211764403505
0.374188230163
0.509820847698
0.64707342551
0.681137979764
0.767760547421
0.849788160673
0.924373177843
0.949189219659
0.96061288696
0.968241463408
0.971404299481
0.974955827742
0.977777129652
0.979832689096
0.981641122192
0.983073674822
0.984311048314
0.985475653485
0.986391131279
0.98720467425
0.987913063768
0.988631420104
0.989199259715
0.989723603614
0.990199682429
0.9906246411
0.991028893894
0.991382352357
0.991712473656
0.99202004172
0.992359489718
0.992681603816
0.992928254903
0.99321038841
0.993421192237
0.993624018241
0.993814337143
0.993995216721
0.994251224719
0.994406110487
0.994553320255
0.994737104099
0.994869608934
0.994996433873
0.995154940537
0.995267517359
0.995375857445
0.995513808344
