0.166666666667
0.204780762167
0.256718615746
0.456813947394
0.66618060085
0.752320527613
0.779637621348
0.794445465366
0.805146768844
0.912803920075
0.951541616872
0.967721729352
0.973924285064
0.978273596158
0.981372474237
0.983850207817
0.985618539071
0.98682594123
0.987937168636
0.988835717321
0.989608815773
0.990277199458
0.990872248002
0.991377399013
0.991853044935
0.992257157185
0.992625842988
0.992968206498
0.993276416706
0.993553434705
0.993815643493
0.994053981696
0.994277381251
0.994480891634
0.994670814009
0.994849648599
0.995020966708
0.995179139749
0.995327106312
0.995467672171
0.995596278083
0.995719532598
0.995834716282
0.995946355621
0.996050827621
0.996151805717
0.996248170866
0.996338717172
0.996424471924
0.996506248091
