0.0833333333333
0.103177115848
0.102640761068
0.121809555118
0.102015392696
0.116627809642
0.134460392145
0.137953238999
0.144311636269
0.15755802934
0.179584842941
0.188508781591
0.187600606415
0.203064412308
0.209231791088
0.234503799999
0.231823217564
0.255520334209
0.272256978546
0.274865304934
0.289268930872
0.298433844156
0.339205109506
0.390974601499
0.428918677314
0.448288853142
0.48460250088
0.523079927105
0.561263930847
0.584146307216
0.617668961053
0.616501852365
0.638564180848
0.661748559267
0.682445128773
0.712014335923
0.734726033123
0.748431953889
0.756390980281
0.769324270368
0.777226207784
0.783905441758
0.797833754633
0.813748690045
0.834763290379
0.850366370199
0.858791773096
0.863975328537
0.869616261501
0.873162596209
