0.25
0.39529532967
0.895756096744
0.959194294576
0.974590126692
0.981487051532
0.985544267558
0.988181366428
0.989956838559
0.991244761603
0.992268116379
0.993073174708
0.993722938082
0.9942708237
0.994713000662
0.995093846299
0.995441477612
0.995737925506
0.995996343961
0.996223573549
0.996430889502
0.996616073038
0.996785086721
0.996936541965
0.997067825208
0.997199558016
0.997312347271
0.997418251445
0.997514295861
0.997605107083
0.997690108792
0.997767379697
0.997839800421
0.997908727894
0.997973876591
0.998034791665
0.998092346289
0.998147023915
0.998200393865
0.998250346246
0.99829700881
0.998339364195
0.998379255097
0.998417494703
0.998455465939
0.998491078343
0.998525318355
0.998557779289
0.998588424944
0.99861677177
