0.0833333333333
0.0839305561146
0.08744623178
0.083685545224
0.0844557990849
0.0857437093838
0.0846816444773
0.089197766878
0.0857573338343
0.087161834655
0.0850925338906
0.0866853143295
0.0851284958428
0.0847500860962
0.0839840867313
0.0880472450321
0.0872493767806
0.0858323605576
0.0853319401396
0.0844205778959
0.0833734463542
0.0846781677826
0.0850896239495
0.0863135499618
0.0850064096973
0.084380213295
0.0837559876021
0.0859175343379
0.0836151028459
0.0836312458909
0.0853024179346
0.0853652605026
0.0834693262578
0.0840558568924
0.0846130365361
0.086700073685
0.0844751567622
0.083944323127
0.0850556494787
0.0837517806268
0.0846545192699
0.0853984131457
0.0840695540215
0.0860567558713
0.0837354419085
0.0854388056998
0.0837031558185
0.0866772497954
0.0851246438746
0.083674783194
