0.25
0.824430538868
0.95250158138
0.972650832795
0.980698221997
0.985132812274
0.988046125225
0.990321125414
0.991654438175
0.9926579619
0.99344261743
0.994069707792
0.994600016731
0.995040150151
0.995422335205
0.995745738055
0.996020351019
0.996266447567
0.996486695701
0.996679108798
0.996853163906
0.997012009954
0.997151862698
0.997280825131
0.997398926639
0.997507054874
0.997605727908
0.997698045215
0.997783216592
0.99786172092
0.997935637138
0.998004082389
0.998067147422
0.998127328561
0.998183792436
0.998236833673
0.998286943797
0.998334454972
0.998379019834
0.998421569184
0.998461964646
0.998500448225
0.99853661051
0.998571141345
0.998604254523
0.99863603656
0.998666533397
0.998695589103
0.998723344143
0.998749913117
