0.1
0.103690869736
0.108636471988
0.101348714417
0.101645021645
0.104937561467
0.101394274917
0.100741046832
0.101290633609
0.102889701208
0.102261072261
0.104355442537
0.105626355967
0.102693014057
0.104938803621
0.105226566363
0.103457070707
0.102276400367
0.0998595041322
0.100616973935
0.102340449954
0.100886752137
0.103092286501
0.103884297521
0.101516577828
0.102478191001
0.102541322314
0.103303736667
0.102682405008
0.104575495212
0.103578971534
0.101686179982
0.103545401568
0.104048355054
0.10459032634
0.101927784337
0.102877940242
0.105939552871
0.104992143055
0.10142230749
0.105395917214
0.103396666465
0.102193685103
0.101446280992
0.101170798898
0.104138257576
0.101217860422
0.102851133715
0.103340962068
0.104996604406
