0.25
0.973051198321
0.987394185468
0.992051645385
0.994124583243
0.995384079973
0.996194176686
0.996743337668
0.997167312469
0.997490077866
0.997758551513
0.997963782799
0.998141854484
0.998290788108
0.998413975642
0.998525856649
0.998619524455
0.998702153419
0.998773547933
0.998838468072
0.998896088806
0.998949924177
0.998998653254
0.99904261568
0.999084605328
0.99912108276
0.999154494419
0.999184957429
0.99921423064
0.999241753513
0.999267069314
0.999291173438
0.999313658735
0.999334832109
0.999354403612
0.999373840185
0.999390937966
0.999408103303
0.999423500417
0.999438453906
0.999452774964
0.999466178173
0.999479133773
0.999491735097
0.999504057538
0.999515424532
0.999525991117
0.999535907887
0.999545594654
0.999554660252
