0.1
0.201461288212
0.311964970711
0.408789960335
0.392686364464
0.414231688244
0.490027759731
0.612000580225
0.717468075075
0.786307054644
0.822120547144
0.841764216539
0.854429787243
0.863642484863
0.868327027624
0.872634547049
0.87551528265
0.877889866843
0.880132035542
0.88170420173
0.883145814523
0.884317664361
0.885374391555
0.886295514946
0.887079036719
0.887712271519
0.888508534923
0.889104692123
0.889584899783
0.890068887806
0.890510485794
0.890883513539
0.891243335904
0.891584688122
0.891876173845
0.892182284344
0.892452777255
0.892714629761
0.892942405537
0.893144240014
0.893340317737
0.893527513396
0.893721099617
0.893896929956
0.894047291449
0.894202619178
0.894343339383
0.894494264227
0.894629055494
0.894751883746
