0.132118414256
0.227743120052
0.284116215045
0.426717679311
0.514711317989
0.54269062916
0.585093125005
0.658312332964
0.684999901853
0.744796302448
0.803604384292
0.818394806496
0.826202786921
0.829233800833
0.82749383588
0.840970482505
0.837491021858
0.842151383426
0.844452648261
0.847292604395
0.849597651089
0.853914504513
0.854339618334
0.854683774723
0.855947328891
0.857261480562
0.858345247154
0.859563589391
0.860733848276
0.861707259901
0.862468711439
0.863213713798
0.863610426059
0.864135079181
0.864522100258
0.8651249841
0.865549079582
0.86583747127
0.866287959999
0.866626308476
0.866935177371
0.867177961579
0.867372664628
0.867606158899
0.867861289781
0.868094488181
0.868278469095
0.868467148055
0.868773113755
0.868726382284
