0.166666666667
0.44118804644
0.700302683949
0.777383816703
0.801418123113
0.812097300866
0.816568333757
0.819554229194
0.821860665385
0.823228135537
0.824247654272
0.825264709821
0.826137196824
0.826811529663
0.827311464923
0.827762954169
0.827865581771
0.82824232412
0.828558055973
0.828823603888
0.829080450294
0.829291653825
0.829491931168
0.829779965048
0.829941779977
0.830082443364
0.830204449506
0.830322934428
0.830441637047
0.830537685401
0.830628674662
0.830724754844
0.83080833626
0.830730522568
0.830813176516
0.830892212546
0.830961166493
0.831029536716
0.831091806127
0.831153972336
0.831267086036
0.831317962008
0.831370454487
0.831419051049
0.831467473763
0.831511585435
0.831552951992
0.83159243507
0.831682546923
0.831715165258
