0.0714285714286
0.0837123892918
0.0844178925223
0.0936490223282
0.10461055935
0.140644509589
0.179213103171
0.239281534061
0.29602981603
0.349082992871
0.394310778369
0.470515747246
0.524360740151
0.549608804328
0.580989624893
0.630639281572
0.659353530931
0.683861692627
0.70036983123
0.715013242342
0.727851353452
0.732208715781
0.738137371925
0.746070698266
0.755591197212
0.755363968206
0.767052333852
0.78878653273
0.803254883018
0.810650178434
0.817431070531
0.820134104952
0.822850254732
0.828035497263
0.83327624046
0.84606927852
0.859143230354
0.875030906634
0.890742626709
0.914372223025
0.936059399919
0.949511252023
0.954824761145
0.96054817949
0.964799543523
0.967526977062
0.969705446585
0.97136871325
0.973055272721
0.97441819533
