0.1
0.147733105647
0.265191468438
0.444998859519
0.759288908629
0.889555327534
0.935921114809
0.953157251049
0.962998298944
0.969260667812
0.974233415763
0.977754675124
0.980413330297
0.982604619611
0.984288696375
0.985680401861
0.986798801206
0.987758352524
0.988601374705
0.989377868599
0.990006017114
0.990600665724
0.991101939447
0.991559615575
0.991969827538
0.992333949032
0.99266364793
0.992974925353
0.993265800011
0.993531301715
0.993777563207
0.99400457426
0.994213827122
0.994410008185
0.994594274656
0.994756901395
0.994917042645
0.99507254097
0.995217933902
0.995356992722
0.99548319935
0.995605364904
0.995723447392
0.99583453831
0.995936837071
0.996037146754
0.996127875025
0.996217083696
0.996301782308
0.996384773359
