0.166666666667
0.572137188734
0.798299851833
0.877664014598
0.946395708716
0.966101090415
0.974701041769
0.979685934682
0.983004301018
0.98532749602
0.987147133144
0.988536962848
0.989675768612
0.990598075955
0.991483313377
0.992117743839
0.992663002
0.993146035516
0.993563162341
0.994024809725
0.994347114391
0.994638610857
0.994906445544
0.995144460363
0.995362183384
0.99556025585
0.99574582477
0.995911786476
0.996064145329
0.996207455627
0.996338990822
0.996462744328
0.996579934619
0.996688826651
0.996791852514
0.996887737856
0.996978716756
0.997064397072
0.997147061434
0.99722342348
0.997295569845
0.997364303345
0.997430341518
0.997492432548
0.997552065636
0.997609029415
0.997662652756
0.997714144157
0.997763246767
0.997810512648
