0.125
0.151761326058
0.254727888041
0.320957882063
0.423090694805
0.608037336621
0.672464209253
0.694975329284
0.708893581756
0.716039502664
0.722884811806
0.72706537633
0.730663685952
0.732488893182
0.734474500298
0.735964316835
0.737299703646
0.73824315457
0.739056757719
0.740013041073
0.740837090245
0.741353199857
0.74130234987
0.741897533461
0.742629042336
0.743155334479
0.743458529446
0.743757936014
0.744012682083
0.744263578257
0.74447679627
0.744663580008
0.74486653328
0.745035358014
0.745201745587
0.745346497576
0.745483262929
0.745628010155
0.74574816031
0.745877507188
0.745995460652
0.746098424621
0.746184810059
0.746294838113
0.746261636323
0.746337540758
0.746432806105
0.746518223157
0.746591012013
0.746672439157
