0.18573633157
0.775835131063
0.80529488578
0.815345488533
0.820388493025
0.823057470129
0.824803849049
0.825362246839
0.82645811856
0.827218296425
0.827843044032
0.828477678998
0.828950898685
0.829314335374
0.82960046015
0.829847619985
0.830067731968
0.830261073715
0.830434310271
0.830592817813
0.830720636214
0.830851356753
0.831026360757
0.831129155489
0.831222469608
0.831304743799
0.831388295755
0.831463172864
0.831529956085
0.831593660486
0.831649075434
0.831700770315
0.831749061072
0.831801464551
0.831848619745
0.831890664224
0.831936701928
0.831975780105
0.831904369816
0.831940804222
0.831972927998
0.832006394876
0.83203804103
0.832069786509
0.832100711147
0.83212670136
0.832154557598
0.832177571902
0.832201916438
0.832226497708
