0.25
0.923094586715
0.976132757427
0.985743506306
0.990288311592
0.992545572942
0.993951891976
0.994916551676
0.995616328164
0.996120534397
0.996526753409
0.996853043804
0.997127598446
0.997370153063
0.997562054214
0.997736859475
0.997876963484
0.997999348743
0.998117091923
0.998223094341
0.998310775237
0.998392853137
0.998469232329
0.99853674121
0.998598044882
0.998655148174
0.998709071984
0.998759286045
0.998804632403
0.998846649895
0.998887243735
0.998924755371
0.998959648428
0.998992514989
0.999023077104
0.999051026891
0.999076803178
0.999102361638
0.999126554242
0.999149646378
0.999171077423
0.999191055037
0.99921084101
0.999230657005
0.999248453768
0.999265443104
0.999282161747
0.999297206597
0.999313117231
0.999327170971
