0.0833333333333
0.0954018505986
0.0953963095997
0.10019018862
0.112074131435
0.129328810499
0.138656478391
0.136757453224
0.168097787361
0.18178407272
0.1864998178
0.208014883303
0.218419981864
0.251366588083
0.269120304543
0.28228623409
0.330381138929
0.35873076007
0.374440472604
0.38675486502
0.405517511246
0.441129960601
0.475224115525
0.515930972402
0.531638655166
0.52905083224
0.552309911233
0.558778090825
0.577387894086
0.58667299225
0.616843580368
0.648088709984
0.669228728244
0.685688612072
0.698814018168
0.703848503612
0.72405452854
0.724355206354
0.719535710961
0.741061667614
0.754559330804
0.756494585506
0.769202740918
0.78237784551
0.785390507621
0.790913460919
0.797072930488
0.804552714459
0.808927285047
0.811164908248
