0.1
0.132330688866
0.150189010647
0.163750368798
0.153709328289
0.223284767121
0.257525764079
0.309155892894
0.360199760873
0.375683836924
0.484667147716
0.53423792584
0.589367181663
0.618133211312
0.665131230891
0.695235795121
0.713836586435
0.729056263809
0.744533207386
0.767163329348
0.814189023814
0.847414251467
0.874325126123
0.886869173486
0.917061746188
0.936298547967
0.949507187559
0.956436244418
0.961092969647
0.964938244343
0.968043089559
0.970483329403
0.972351739654
0.974158237892
0.975723357208
0.977077150943
0.978280553699
0.979340245985
0.980367132104
0.981193518357
0.982029645272
0.982756237986
0.983408160348
0.984010808615
0.984570600835
0.985091768182
0.985580463239
0.986031349366
0.986463209948
0.986862308491
