0.25
0.303945707071
0.437933673469
0.742104774864
0.904696578736
0.944918511556
0.961232119549
0.970156319863
0.976010261832
0.979902207014
0.982777348797
0.98492526155
0.986559263705
0.987897261902
0.988982837246
0.989899639878
0.990672307317
0.991324266073
0.991895879125
0.992402909215
0.992851845306
0.993253491096
0.993609114018
0.993930948045
0.994223654283
0.994484907251
0.994726866932
0.994949091493
0.995153170408
0.995338288861
0.995511823046
0.995671792665
0.995819407892
0.995957715755
0.996087533973
0.996210667975
0.996326551803
0.996435692462
0.996538549308
0.996635620937
0.996726833696
0.996814012474
0.996896238582
0.996973979779
0.997047328911
0.997118249592
0.997185973393
0.997250921846
0.997312210663
0.997371156029
