0.1
0.102141895142
0.10410391989
0.1
0.106758199472
0.101873977874
0.103496323782
0.103539442039
0.0999498556999
0.104733225108
0.100722187865
0.101253246753
0.101795454545
0.105918446633
0.102049422799
0.10220995671
0.100912698413
0.104189255189
0.102213564214
0.102146103896
0.101961519962
0.100031024531
0.1
0.101568542569
0.103424242424
0.101162337662
0.102343554594
0.100031024531
0.100966810967
0.105349957912
0.100859126984
0.101811894455
0.102222101972
0.100856108706
0.101401875902
0.101222222222
0.100829365079
0.100535742036
0.104349380778
0.103966329966
0.102804473304
0.104013888889
0.101310846561
0.10111014911
0.1
0.102261904762
0.100653559404
0.103138720539
0.108838924964
0.104698773449
