0.166666666667
0.59697158417
0.78415630372
0.807884122927
0.817187042909
0.821136011561
0.823509156153
0.825163780229
0.826351634121
0.827190338297
0.82806051706
0.828613440948
0.829061498603
0.829399532624
0.82970222399
0.829956852559
0.830186094904
0.830383661032
0.83054416356
0.83069980796
0.830837742415
0.830965788817
0.83107516014
0.831170251464
0.831268531926
0.83135292582
0.831431852196
0.83150280266
0.831472471717
0.831485748714
0.831551927194
0.83161210119
0.831669498556
0.831718996739
0.831769244776
0.831815197986
0.831856117936
0.831784983819
0.831822892227
0.831861503987
0.831894712737
0.83193169738
0.83196461279
0.831999538012
0.832031089239
0.832063238743
0.832092753054
0.832117776854
0.832145318888
0.832169958431
