0.25
0.285267857143
0.273788265306
0.253819444444
0.289930555556
0.296875
0.358863320999
0.479688133948
0.655167654964
0.857743001657
0.940078863976
0.95932276949
0.969517565269
0.975579028876
0.979529835029
0.982924072891
0.985015511325
0.986656437745
0.987983473312
0.989045996565
0.989945963698
0.99072682988
0.991392263334
0.991963673091
0.992456713686
0.99289864139
0.993295884687
0.993646198361
0.993964378198
0.994253760534
0.994515834305
0.994752615059
0.994971058583
0.995169341895
0.995355123008
0.995527187412
0.995685581481
0.995836118386
0.995974949145
0.996105854246
0.996227662467
0.996340863468
0.996448085911
0.996550183832
0.996646340434
0.996737282702
0.996823320675
0.996905013136
0.99698315989
0.997056667642
