0.10116017316
0.109235630111
0.100659421597
0.10335199787
0.100924242424
0.1
0.102219336219
0.100517316017
0.100031024531
0.109882108632
0.101282828283
0.100966810967
0.102870601621
0.103376623377
0.107063944842
0.106340548341
0.104506802721
0.102466810967
0.101414141414
0.105566752692
0.105962289562
0.102921023421
0.101961519962
0.10354510852
0.105245454545
0.101121933622
0.103415824916
0.103577200577
0.10143037518
0.100877372627
0.102320655535
0.104293169793
0.105812345062
0.106703685204
0.103253166586
0.101315295815
0.10182041107
0.102714489214
0.106295192572
0.10753559649
0.102251082251
0.10362032412
0.10363003663
0.107211362711
0.103598411839
0.100121933622
0.102665704666
0.106681073556
0.102534391534
0.109718089991
