0.1
0.127546326929
0.131945404537
0.129211995441
0.196019631029
0.293231902349
0.398335347337
0.516945355216
0.569199750787
0.620275615855
0.651041074396
0.670987299424
0.671980696533
0.676543854864
0.68766910792
0.716211901768
0.78509069731
0.844155015763
0.859722518027
0.867958423211
0.872656728926
0.876375307525
0.878810998456
0.880738476137
0.882323002528
0.883873560643
0.884961451064
0.886020337837
0.886814540463
0.887662036361
0.88830538588
0.889054410973
0.88953614089
0.890046743956
0.890498431202
0.890866053998
0.89123334312
0.891566314878
0.891873282575
0.892162834276
0.892441456986
0.892678253655
0.892903647042
0.893111187345
0.89331857875
0.89352513333
0.893717424166
0.893891102518
0.894059157786
0.894213649917
