0.1
0.103747174122
0.102294372294
0.103863636364
0.101837662338
0.103656260737
0.101277500278
0.102344310451
0.100759407259
0.101728896104
0.10116017316
0.107398145505
0.102357606679
0.1
0.103887445887
0.101230880231
0.101976551227
0.104766233766
0.101086249399
0.102077922078
0.0999605880231
0.104717592593
0.103789321789
0.101818662819
0.101191197691
0.100855751391
0.10116017316
0.101562169312
0.101935545936
0.102702050265
0.103606198035
0.101121452621
0.100062049062
0.0999877344877
0.108705607664
0.1
0.102933574362
0.101490981241
0.099816017316
0.104508778259
0.102631359381
0.102994047619
0.10094973545
0.100518703519
0.101252525253
0.102875541126
0.101098124098
0.100761904762
0.100823232323
0.100929181929
