0.125
0.465108517994
0.670906280243
0.718471418632
0.759083379717
0.821026007262
0.845210594214
0.852891934096
0.857528154692
0.859845815634
0.862044427808
0.863748216051
0.864839460731
0.865836269502
0.86662075369
0.86740772247
0.867945196943
0.868426114374
0.868813617495
0.869137831076
0.869450006317
0.869750132805
0.870035703719
0.870275972314
0.870501083661
0.870708675065
0.870897607095
0.871060486475
0.871219303268
0.871355366402
0.871480665489
0.871608200671
0.871722637243
0.871838004236
0.871936795039
0.872028883846
0.872112145575
0.872191538005
0.87226744189
0.872346816851
0.872418363212
0.872484330355
0.87254665159
0.872604675216
0.872660120195
0.872756537313
0.872807104307
0.872857193586
0.872904718882
0.872950732099
