0.1
0.190482799975
0.268455369511
0.390313485142
0.480564774582
0.495018655579
0.502493839349
0.55952310339
0.559329346913
0.591077527153
0.624467876932
0.735518755666
0.758049041608
0.770330075197
0.775589248992
0.779481299953
0.782263192774
0.784293478895
0.785815556229
0.787183248434
0.788253325779
0.789219025851
0.790018488328
0.79066850844
0.791198257484
0.791635492889
0.792074541328
0.792481371297
0.792836423527
0.793142223329
0.793443164374
0.793711371734
0.793970201035
0.794196939335
0.794398427653
0.794599729297
0.794831284198
0.795008834956
0.795164438174
0.795316352206
0.795471988493
0.795602071852
0.795721788944
0.795832152393
0.795938359016
0.796049834627
0.796151828491
0.796244595611
0.796339365211
0.796430455097
