0.0833333333333
0.0845067689774
0.0862447148998
0.0845140519832
0.0871984852905
0.0840896454736
0.0850758470869
0.0846757107741
0.0858099449863
0.0847378481307
0.0839734101143
0.0870078639158
0.0852034889556
0.0851598082253
0.083655390575
0.0877312002843
0.085589972787
0.0857484273726
0.0857114175035
0.0864128168904
0.0928641721464
0.0857721531158
0.0843934753728
0.0877945366944
0.0856098620767
0.0861588670368
0.0879455314444
0.0863063413659
0.0840773809524
0.0856087805493
0.0840351364905
0.0838958790171
0.083979466668
0.0840712486918
0.0859711985925
0.084840960957
0.086367794345
0.083337616182
0.0858132117676
0.0870208380632
0.0842667996686
0.0838309224789
0.0844606310168
0.083282912524
0.0856742778511
0.0844682954412
0.0857738288471
0.0850818351438
0.0846691615027
0.0858017899366
