0.0833333333333
0.0945134708032
0.10181676355
0.103630908582
0.094448843353
0.0878932093819
0.10094929382
0.0848293020912
0.0901206743381
0.0856162510198
0.102844129402
0.0975982483737
0.142637157105
0.148536131706
0.203003213214
0.240380065193
0.325589210124
0.387150487597
0.453748046013
0.497396325952
0.515312489655
0.551586235358
0.588185488136
0.609291696031
0.634789938466
0.639895690575
0.642604121771
0.650072352951
0.648507887778
0.651394739645
0.65391821169
0.666184513716
0.677669093539
0.698776602255
0.705554924973
0.727284338712
0.779991634871
0.814384327189
0.8499852995
0.868333756922
0.879330070534
0.884931791977
0.888800443036
0.891329015966
0.893981754516
0.895603141147
0.896822340984
0.898213348539
0.899441119479
0.900554591842
