0.0833333333333
0.0932203820877
0.100953719917
0.0997083070572
0.11413900394
0.129695750768
0.158787857364
0.165988449734
0.174103583001
0.179914133834
0.188031972531
0.185899633724
0.185516135271
0.193459013152
0.203120326106
0.208457989538
0.229080293862
0.241821419365
0.255451974827
0.260474913937
0.256563989827
0.277921858547
0.313338845696
0.329829550826
0.377039029921
0.398633982661
0.394440136246
0.406983964818
0.430768430842
0.436630230677
0.458962132781
0.467094082742
0.488645190528
0.490040569882
0.489251425273
0.495323091002
0.512042734414
0.524158778228
0.531765905504
0.562300496635
0.598653808008
0.630487451332
0.657982135498
0.6730452451
0.678179793179
0.693150588357
0.701013090259
0.708815153103
0.713095422002
0.715269244897
