0.1
0.1
0.10060479798
0.101282467532
0.101375901876
0.110257928992
0.107715041572
0.105350271422
0.102051587302
0.102405483405
0.102116883117
0.1
0.101159090909
0.101079365079
0.103134276438
0.106023465952
0.101098124098
0.102343378843
0.101377344877
0.0997207792208
0.102246632997
0.10084992785
0.1
0.114604956882
0.102335497835
0.105301254301
0.102077922078
0.10227994228
0.104517628668
0.105404873566
0.1
0.100997835498
0.100770622896
0.102566515495
0.104576101148
0.1
0.111671452335
0.104797899631
0.102759018759
0.1
0.113560084977
0.104493837181
0.106948759574
0.101854076479
0.101025372775
0.103010191198
0.101156325156
0.105645865708
0.103195887446
0.100062049062
