0.166666666667
0.224040516108
0.194843631897
0.166666666667
0.215147033608
0.176929930923
0.173674886621
0.168518518519
0.17776675485
0.187711404006
0.207794981418
0.181624779541
0.188117283951
0.180362654321
0.192962549603
0.170882936508
0.182807907113
0.166784769463
0.172916666667
0.176786659108
0.170882936508
0.168474426808
0.172762345679
0.1670579806
0.171850395251
0.172222222222
0.166666666667
0.166666666667
0.16917989418
0.178873732363
0.169627700617
0.170882936508
0.183276643991
0.170535714286
0.172883597884
0.168253968254
0.168595679012
0.174233906526
0.167515432099
0.177142857143
0.174264219577
0.183599064626
0.170882936508
0.175897187579
0.165128968254
0.17316665092
0.227384960718
0.317006806443
0.386650300167
0.37950336201
