0.0833333333333
0.0842366178428
0.0842227057948
0.0839761499838
0.0839609653385
0.0840773809524
0.085548275578
0.084874247776
0.0889772464363
0.0838204568983
0.085224057805
0.0861768564433
0.0852780566677
0.0850344029553
0.0839779993957
0.0847378481307
0.0838740321627
0.0852924467508
0.0840647505144
0.0873095081329
0.085411791141
0.0855020121602
0.0833462792168
0.0840330924036
0.0832355956984
0.0845227972141
0.0894607518933
0.0843456862802
0.0852638273716
0.0870712722475
0.0869537114435
0.0840585299291
0.0840903268359
0.0846455073177
0.0852937180863
0.0861180674956
0.084653517831
0.0851524084145
0.0832548793327
0.0856266852361
0.0846017077341
0.0882720084562
0.0833342922877
0.0848138578793
0.0840873995016
0.0846394796048
0.0840451928932
0.084044221321
0.0856946685763
0.0841645763986
