0.125
0.324086567039
0.583346799453
0.66656748505
0.695852032694
0.708263375344
0.715594121092
0.768202538779
0.812512247077
0.829744575218
0.838458107345
0.844616554798
0.849248479351
0.852550126587
0.855040081532
0.857364652578
0.858758512172
0.860473802948
0.8615820559
0.862480657083
0.86322863946
0.863898802854
0.864631823135
0.865332430789
0.865793027437
0.866208558365
0.866866718293
0.867206467764
0.867555558508
0.86795610836
0.868233063469
0.868467847212
0.868701766026
0.868899702029
0.869193849369
0.869395520652
0.869574727098
0.869737147715
0.870035761686
0.87018748217
0.870296851468
0.870436095208
0.87055244065
0.870661013286
0.870834131802
0.870941462379
0.871033458668
0.871123231063
0.871209957049
0.871297910615
