0.2640625
0.363238698257
0.531094506273
0.896727136866
0.960155890956
0.975774450191
0.982110406627
0.98592350501
0.988433501792
0.990155242584
0.991450698724
0.992431789105
0.993230224506
0.993863647109
0.994387411385
0.994839427304
0.995221715485
0.995554639711
0.995831998781
0.996075193457
0.99629327903
0.99648709294
0.996663013934
0.996830291354
0.99698187736
0.997112819422
0.997232481656
0.997342114205
0.997450516777
0.997548440147
0.997637005631
0.997720195622
0.997796700365
0.997865135606
0.997934091786
0.997998010184
0.998058746893
0.998112312254
0.99816448643
0.998216122564
0.998263265166
0.998306188587
0.998349581181
0.998390841856
0.998430074632
0.998467921474
0.998501595564
0.998534707617
0.998566299893
0.998596519423
