0.166666666667
0.171709656085
0.177919501134
0.192760578367
0.176077491182
0.176784139582
0.170705782313
0.174658289242
0.1690287226
0.173611111111
0.178681657848
0.188712522046
0.165910808768
0.185122459478
0.172524565382
0.198306405896
0.226687242798
0.267786393556
0.293504966509
0.275880602376
0.293159394582
0.298624138777
0.276474978349
0.328488512445
0.286093888784
0.289053239905
0.289492890786
0.286982352972
0.273886222147
0.275615577199
0.284986882663
0.289928349763
0.279484670724
0.304533682487
0.29189717186
0.28589631929
0.317476867147
0.339538170761
0.335641744913
0.37235814056
0.370523640909
0.38120109301
0.419104015952
0.402469410746
0.411292975581
0.401126542586
0.401806544661
0.443485490053
0.439030372391
0.468383686504
