0.0833333333333
0.0839428555775
0.0841360829342
0.0875306144812
0.0841238533546
0.0848199610219
0.0851185416639
0.084906546445
0.0844643248489
0.0839544841605
0.0852434364196
0.0855097512378
0.0874557848287
0.0853625825741
0.0883668130303
0.0857812059735
0.084855182211
0.0845406374253
0.0882597687435
0.0831946499014
0.0877427913966
0.084620863467
0.0842854759836
0.0841688582073
0.0842682993645
0.0867617387192
0.0854297460273
0.0870921706536
0.0869617922777
0.0861127771293
0.0843811637081
0.0855996491299
0.0847263872676
0.0844486709871
0.0837706630976
0.0854084483892
0.0844100953991
0.0843193868606
0.0850501147204
0.0843245582257
0.0848410098754
0.0859227196796
0.0846516820075
0.0836689129958
0.0860314178268
0.0849325430369
0.0853927945274
0.0846095926865
0.0877064967999
0.0838273664167
