0.1690287226
0.187357226841
0.168556311413
0.192694423448
0.174052028219
0.172996976568
0.171138825901
0.19550973167
0.194461883315
0.212302576201
0.214413014785
0.239648895527
0.286968994248
0.358795660358
0.479280114745
0.548019847249
0.67436242615
0.733666723709
0.758157943313
0.792247762316
0.898755201802
0.928451064287
0.943366940734
0.952327661147
0.959325216216
0.964379376049
0.968242652574
0.971131100297
0.973588187346
0.975707528569
0.977455399249
0.979027833576
0.980343186334
0.981527082916
0.982573363296
0.983531552531
0.984376734649
0.985125100777
0.985800126542
0.986427371845
0.986996908627
0.98752244267
0.98801314237
0.988468881672
0.988889237085
0.989279207239
0.9896467755
0.989989384103
0.990312913699
0.99061793302
