0.25
0.945095211337
0.975612252042
0.984707697078
0.988884757534
0.991302398902
0.992841448127
0.993920936421
0.994732374866
0.99534736786
0.995833652215
0.99622246948
0.996546959472
0.996819494369
0.997053730283
0.997255838577
0.997430213684
0.997585400972
0.997721544714
0.997844262777
0.997954301423
0.998053804181
0.998143853148
0.998225905636
0.998300898528
0.998369909935
0.998433673431
0.998492882779
0.998546984733
0.998597381745
0.998644755436
0.998689004583
0.998730679973
0.998769590461
0.998806320083
0.998840832827
0.998873514323
0.998904393368
0.998933530461
0.998961047328
0.998987072214
0.999012044837
0.999035783029
0.999058582416
0.999080294457
0.999101064506
0.999120522235
0.9991392595
0.999157313481
0.999174745101
