0.1
0.130684771069
0.17260572818
0.243802858404
0.368762119419
0.499996851237
0.577450317623
0.627069008785
0.650250997747
0.704182046487
0.728074726665
0.745731870436
0.7664655525
0.798541138473
0.836715415695
0.85168738256
0.859588228891
0.866087726753
0.869933446304
0.873011035383
0.875359663633
0.876994437532
0.87888345983
0.880514315004
0.882796231806
0.883203500808
0.883790569111
0.884674140585
0.885456455122
0.886107619296
0.886691281673
0.887272839389
0.88780847376
0.889966701483
0.888779876949
0.889179564685
0.889589138218
0.889962959644
0.890287438203
0.89064084289
0.895096628539
0.896730528343
0.900981946863
0.89980262584
0.905040117626
0.906960188736
0.900688909518
0.919224182866
0.924124052031
0.932965003668
