0.273263888889
0.701995193397
0.731620740958
0.739281522232
0.741977610648
0.743790573135
0.744800956991
0.74563553451
0.746203971105
0.746669706461
0.747006682483
0.747284866372
0.747520743067
0.747692317883
0.747862853714
0.748020077424
0.74815652212
0.74828009648
0.748372789648
0.748466207096
0.748550150747
0.748617253694
0.748678861337
0.74873548631
0.748788175519
0.748833468974
0.748879917338
0.748921217203
0.748962377907
0.748998540855
0.749028686851
0.749062804612
0.749094359792
0.749124945827
0.74915102101
0.749175227434
0.7491990933
0.749221006922
0.749241707545
0.749259496722
0.749279518111
0.749296673522
0.749313306582
0.74932593638
0.749340637298
0.749356210536
0.749370412993
0.749383853494
0.749398514336
0.749410964814
