0.0833333333333
0.084634129649
0.0832747361765
0.0832556580324
0.0860982366084
0.0868257729085
0.0833592251003
0.0849212968154
0.0840733432499
0.0863683877431
0.0856734342597
0.0830002445117
0.0847371721761
0.0854948037798
0.0873688864282
0.0840521705477
0.0839151157852
0.0869928555179
0.0847978134197
0.0856244771175
0.0869359607269
0.0852634704676
0.0847529029927
0.08476146869
0.0833333333333
0.0852431968751
0.0838436484518
0.0860787582992
0.0846663050904
0.0881383297112
0.0851743553101
0.0862770383303
0.0831711691087
0.0840893931172
0.0841032727193
0.0848444218448
0.0852402825192
0.08750592653
0.0839496129055
0.0855109419718
0.0847498855311
0.0861756847886
0.0860604566918
0.0857358528135
0.0851537516716
0.0837360148407
0.0840265967498
0.0840773809524
0.083248390168
0.0846315656424
