0.1
0.106552643161
0.103778696051
0.109001052755
0.115760301773
0.104172635445
0.105044773408
0.10927725305
0.104889277389
0.103433389842
0.100488980716
0.10679001554
0.104402270418
0.100034435262
0.101569100092
0.101971664699
0.101536554355
0.102280444303
0.101973723246
0.103092614456
0.104124585011
0.101393321325
0.102644945963
0.108603234428
0.103561753903
0.102941507599
0.104314392921
0.112379357385
0.101132690542
0.105853328878
0.104058367769
0.102780250053
0.100652892562
0.101130853994
0.102396694215
0.102604683196
0.103775234866
0.102376015399
0.102866888356
0.100593663912
0.101544536272
0.104284855005
0.102331955923
0.105389549844
0.100372324645
0.10177318641
0.10815053381
0.103474977043
0.103338155628
0.0997613295795
