0.1
0.101152958153
0.102593073593
0.0999069264069
0.103051329623
0.0991477873978
0.10116017316
0.103667027417
0.100205071549
0.100004329004
0.102054834055
0.107607323232
0.10886906675
0.100996392496
0.100908730159
0.102444444444
0.100031024531
0.101869680773
0.101124098124
0.103922466422
0.106090277778
0.104915464165
0.110509541847
0.113326991758
0.101191197691
0.106833333333
0.102358585859
0.104539428825
0.104650823713
0.1
0.102269360269
0.103290618773
0.100033189033
0.102369047619
0.10221196231
0.102289321789
0.105111681969
0.103850909893
0.102219336219
0.101689033189
0.100110544218
0.104860750361
0.102374458874
0.105781295094
0.1
0.102523680684
0.103771404521
0.101403510015
0.106642271844
0.100031024531
