0.166666666667
0.527797899541
0.819671557777
0.928445566804
0.957389412216
0.970091305208
0.976488923342
0.980664437423
0.983525445509
0.985669276777
0.987353579335
0.988682771772
0.989732414553
0.990607223665
0.991343721484
0.991982877177
0.992532746695
0.993009642285
0.993430358058
0.993802247686
0.994134289054
0.994433527295
0.994785908569
0.995029023687
0.995248518261
0.995449004181
0.995636341644
0.995805383285
0.9959629743
0.996110117123
0.996244658601
0.996371181055
0.996488257501
0.99660169514
0.996708169436
0.996805759583
0.996897388295
0.996985494958
0.997068650977
0.997146450544
0.997220770859
0.997292227506
0.997359690056
0.997422614081
0.997482660289
0.997540776481
0.997596614574
0.997649636527
0.997699952721
0.997748926023
