0.10225
0.139401434102
0.156129162757
0.184276313934
0.295515871696
0.385754550823
0.431802583629
0.473895265682
0.51220529656
0.568719505273
0.609069656804
0.660769246835
0.688195809844
0.712567446034
0.757766705946
0.792785109375
0.814268952052
0.827072733592
0.836353559128
0.843762069355
0.849566200818
0.854892957875
0.859368018263
0.862623706785
0.865913134528
0.868311122865
0.870598531277
0.872531702802
0.873850141414
0.875489227546
0.876627078699
0.877700714413
0.87890274761
0.879774185968
0.883287215918
0.881581994414
0.882264978174
0.883182330033
0.88512224116
0.88469027334
0.88758029663
0.88579650558
0.886165275717
0.886635794855
0.887019949683
0.887437748112
0.888089802868
0.888474025919
0.891744978228
0.889642176535
