0.0833333333333
0.0839540543782
0.0858416096139
0.0840327895759
0.0833851168673
0.0850381017792
0.0875066606769
0.0840133328973
0.0873526144873
0.0860671809085
0.0844185689069
0.0845821189943
0.0852773507907
0.0847387566138
0.0840644350689
0.0833592251003
0.0848734067803
0.0856728235572
0.0849324857576
0.0839806275074
0.0860725308642
0.0861398494583
0.0860025809138
0.0838278184951
0.0841778188008
0.0856284838162
0.0879742904488
0.0957655698497
0.0885190384759
0.0863712682112
0.0840305940752
0.087140922074
0.0835211297584
0.0840439942002
0.0850684451131
0.0840308338138
0.0887257437188
0.0842717710897
0.0856146024115
0.0866894301516
0.0853665227283
0.0832229526426
0.0860777741092
0.0840773809524
0.0833333333333
0.0858541989539
0.0850569073783
0.0866521287207
0.0840065192744
0.0871192287965
