0.1
0.100944925445
0.103737554113
0.105378864569
0.105475714761
0.101191197691
0.101487287844
0.101956349206
0.103964131107
0.100632635883
0.107639642104
0.100589259946
0.105995670996
0.103273758649
0.10431931131
0.102393784787
0.102284700749
0.102304988662
0.101122835498
0.100724129046
0.103099957912
0.103041366041
0.102443001443
0.1
0.103776437848
0.10226996152
0.106383958634
0.100074074074
0.101771524772
0.103237133237
0.113860853432
0.101399930757
0.1
0.104210978836
0.102581890332
0.102732323232
0.104258741259
0.112488213596
0.104573283859
0.106274531025
0.102895408163
0.11337347501
0.101191197691
0.101997637944
0.103822059885
0.102075757576
0.105689428297
0.102217171717
0.1
0.100516293891
