0.128828125
0.220967465645
0.277805844329
0.377292561208
0.450505075976
0.521486964216
0.602142388216
0.700931316779
0.769225098235
0.802026676905
0.861278114013
0.91376135121
0.936803512636
0.95089516741
0.959623126383
0.964829926691
0.968930216821
0.971276499873
0.973833524338
0.97597809595
0.977811849005
0.979408728805
0.980820605293
0.98196064843
0.982958570457
0.984173851527
0.984964703833
0.98570028998
0.98640851265
0.987002524051
0.987541108321
0.988164684907
0.988626603005
0.989056697814
0.989516857868
0.989891774737
0.9902240552
0.990547975109
0.990845962038
0.991129004117
0.991399085632
0.991652488726
0.991885712468
0.992111316963
0.992320801048
0.992521138571
0.992710315197
0.992890780168
0.993063379604
0.993225423708
