0.0840644350689
0.0845035243951
0.0862016793006
0.0840773809524
0.0840397113516
0.087429925674
0.0838318958536
0.0849815487092
0.084078743677
0.0856819891418
0.0857277269373
0.0839924377871
0.0846480597225
0.0835104875283
0.0833841175359
0.083692119247
0.0844108753468
0.0841340097292
0.0891075841203
0.0856948299402
0.0840771538316
0.0841314356939
0.0862388438281
0.0846883249891
0.0844807906883
0.0845742757573
0.0832488444096
0.0840903268359
0.0866644739058
0.0849505953938
0.0860963338412
0.0854515913508
0.0867714369698
0.0859004382176
0.0865256855531
0.0841291644863
0.0842663817664
0.0847110478807
0.0893077542528
0.085893438572
0.0833224315367
0.0830880429095
0.0855722898134
0.0842758844991
0.0862577039363
0.0843231111974
0.0888617421175
0.0861790591542
0.0843610245024
0.0865882199123
