0.166666666667
0.178652246022
0.271802305317
0.522152126289
0.734692232669
0.883999096489
0.937805038457
0.956815281443
0.966777522989
0.972976104211
0.977041247247
0.980025745364
0.982383985514
0.984121901724
0.985610468209
0.98684202519
0.987875254937
0.988783040129
0.989532577332
0.990223588283
0.990809963795
0.991341258661
0.991818098919
0.992241458013
0.992629073871
0.992974954154
0.993283533384
0.993568760255
0.993832859591
0.994073993197
0.994294295746
0.994502459615
0.994695336787
0.994872111292
0.995041262163
0.995197294388
0.995348181452
0.995489239013
0.995619791428
0.995744293192
0.995860073333
0.995969515755
0.996075883101
0.996176217325
0.996269486706
0.996358731567
0.996445817024
0.996528730959
0.996606704493
0.996681500896
