0.25
0.302272727273
0.422496735518
0.858131900999
0.954464140868
0.972932775879
0.980631788664
0.984969281862
0.987863660144
0.989678116523
0.991029014835
0.992089038895
0.992961954459
0.993611761272
0.994175425284
0.994654111638
0.995063323129
0.995407615204
0.995704551078
0.995977887233
0.996211688442
0.996418821
0.996596595231
0.996758439139
0.996911788835
0.997049209788
0.997174835246
0.997293913557
0.99740362785
0.997502641453
0.997596289929
0.997680148676
0.997759226523
0.997835156871
0.997905717741
0.997970447759
0.998031737717
0.998088782836
0.998142984908
0.99819376419
0.998242020775
0.998289185403
0.998333567889
0.998375838784
0.998415806014
0.998453217573
0.998488824356
0.998523308146
0.998557024854
0.998587510854
