0.25
0.749100397121
0.958461143753
0.978026913647
0.985569090871
0.988920749838
0.991060280765
0.992529836539
0.993566564705
0.994347009312
0.99495858886
0.995606079802
0.995992673254
0.996318008599
0.996592639158
0.996830082194
0.997145229604
0.997321984298
0.997476985491
0.997616430141
0.997738042249
0.997849472481
0.998028620479
0.998117268284
0.998196949156
0.99827132716
0.998339862471
0.99840296259
0.998462313499
0.998516319193
0.998566350031
0.998614380427
0.998658969463
0.998700766593
0.99874014208
0.998776702206
0.99881147182
0.998844489272
0.998875764738
0.99890525523
0.998933228297
0.998959704112
0.99898484761
0.999008945893
0.99903187622
0.999054004355
0.999074900128
0.999094872253
0.999114107715
0.999132683335
