0.132118414256
0.277382947857
0.464167426758
0.636990933307
0.752254186727
0.792320152392
0.813971330839
0.827326560667
0.836606815269
0.842652669666
0.847309872261
0.850379103871
0.853089411952
0.85529780958
0.856951717365
0.85820543671
0.85956330537
0.860680995448
0.861591909417
0.862412952487
0.863222454694
0.863892253653
0.86446432234
0.865012578427
0.865490006436
0.865919697578
0.866313201225
0.866677056635
0.86707204589
0.867369054355
0.86770265079
0.868017627701
0.868268737607
0.868542164931
0.868783145721
0.868979712167
0.869168065548
0.869346503304
0.869515338761
0.869684484107
0.869830129848
0.869966224443
0.870089857316
0.870213656263
0.870413054187
0.870532243032
0.870636367702
0.870743137473
0.870836723501
0.870931570034
