0.1
0.104399882557
0.101326128417
0.101755050505
0.105087813507
0.10288535959
0.10330348944
0.106950977927
0.103246097337
0.103798840049
0.101777983921
0.104520820089
0.100706929434
0.100070477502
0.103551935438
0.102984225371
0.102205922865
0.101982323232
0.100567493113
0.104908601888
0.104049253777
0.0999393939394
0.102973140496
0.101385674931
0.10169156601
0.103607438017
0.108935115002
0.103321484071
0.102251854206
0.105426785336
0.101898071625
0.101578741965
0.101404958678
0.104120727757
0.102638977184
0.107878540651
0.107204838685
0.104686391891
0.10164600551
0.103774104683
0.104853820422
0.103185360094
0.104714981988
0.101941689624
0.101821166208
0.107985789546
0.104885528225
0.103829660239
0.102658402204
0.104417852932
