0.287053571429
0.972800617038
0.987654438391
0.9920734653
0.994156075553
0.995388450402
0.996183401636
0.996768239449
0.997181099703
0.997510229222
0.997775453762
0.997984018826
0.998152434888
0.998295162995
0.998420992706
0.998529786039
0.998623265414
0.998705786661
0.99878001383
0.998845082543
0.998904848719
0.998956936639
0.999005011413
0.999049309537
0.999090944916
0.999127759139
0.999161845496
0.999192866567
0.999222926857
0.99925059165
0.999275382431
0.999298581171
0.999320555507
0.999340748585
0.999360273292
0.999378847458
0.999396361183
0.999413727794
0.999429520371
0.999443706697
0.999457465105
0.999470771496
0.999483398801
0.999495457256
0.999506769851
0.999517821567
0.999528103588
0.99953807
0.99954779846
0.999556955403
