0.125
0.134078525641
0.133373613655
0.125722477754
0.125
0.129768146495
0.156562587682
0.124709270282
0.133484209656
0.129267857143
0.127577546296
0.144609401497
0.125
0.131291335979
0.129459635417
0.141072555916
0.124730902778
0.130805555556
0.125
0.133530449585
0.128283564815
0.148299895926
0.126589010141
0.124111276455
0.135286127646
0.130257357804
0.127277922454
0.126943287037
0.129178240741
0.125588210979
0.141979499502
0.126365079365
0.125
0.127127149471
0.124368248457
0.128537533069
0.137393773367
0.126999421296
0.126313657407
0.125063657407
0.127152364418
0.130454861111
0.128998842593
0.125101273148
0.126860119048
0.124878472222
0.133965495731
0.131571428571
0.129105076058
0.126730324074
