0.166666666667
0.22891024442
0.175666887125
0.173954199735
0.165787037037
0.172145061728
0.167857142857
0.182694003527
0.167857142857
0.180945032334
0.165972222222
0.1734375
0.165922619048
0.203439153439
0.172169863316
0.166666666667
0.17776675485
0.178571428571
0.184404761905
0.187770061728
0.187393759973
0.16869212963
0.166666666667
0.166666666667
0.177232142857
0.177531599059
0.170535714286
0.177028218695
0.166473765432
0.181327160494
0.166666666667
0.170535714286
0.1860670194
0.16684992284
0.179017857143
0.169841269841
0.166666666667
0.186468568909
0.167824074074
0.169467868166
0.1734375
0.183106575964
0.174045138889
0.169196428571
0.174305555556
0.168969671202
0.186078960905
0.174210482804
0.177369142101
0.170882936508
