0.25
0.911229920846
0.969221444369
0.981478569804
0.9871224446
0.989998515661
0.992081419831
0.993551278776
0.994415684728
0.995070848029
0.995591371814
0.996007775424
0.996355489853
0.996647410609
0.996896504538
0.997110992987
0.997299976911
0.997463426175
0.997609087733
0.99773943389
0.99785482318
0.997959757908
0.99805408119
0.998140788975
0.998220304537
0.998293305714
0.998360372239
0.998422233077
0.998480001915
0.998533085499
0.998583042072
0.998629332369
0.998672565041
0.998713843707
0.998752087728
0.99878830182
0.998822648549
0.998854978897
0.99888540445
0.998914519117
0.99894229711
0.998968226177
0.998993182078
0.999016946076
0.999039562856
0.99906108983
0.999081729858
0.99910157239
0.999120509565
0.999138707551
