0.125
0.488055757896
0.633549250995
0.695701156617
0.713151653467
0.725421814059
0.726889398264
0.730723385355
0.734533912945
0.736571585187
0.737891926264
0.739036337099
0.739921211327
0.740761046515
0.741644571803
0.742126786751
0.742658449541
0.743151109322
0.743515725545
0.743915270663
0.744246150579
0.744499463088
0.74497023976
0.745313909972
0.745548402979
0.745799738136
0.745963611584
0.746133729534
0.746016613759
0.746246081479
0.746484273378
0.746591299618
0.7467601488
0.746717010307
0.746806721573
0.746904492116
0.746868077518
0.746941649987
0.746888482585
0.746961823052
0.74703777229
0.747112529915
0.747243385285
0.747306541963
0.747380606165
0.74744343571
0.747531809938
0.74761590909
0.747665235107
0.747708122716
