0.2640625
0.344686447811
0.553486157222
0.599236557993
0.644742037751
0.553118256567
0.927782893436
0.97124994484
0.981446293402
0.985942785361
0.98859939403
0.990418281132
0.991673821623
0.992635039908
0.993374360427
0.993965062756
0.994481726347
0.99491117375
0.995289629514
0.995609157762
0.995884541858
0.996125740858
0.996349088419
0.996544683466
0.996718617618
0.99687418333
0.997008992449
0.997143533226
0.997266066296
0.997379152872
0.99748398312
0.997578690812
0.997663496853
0.997742011839
0.997817162986
0.997889381683
0.997959532718
0.99802001242
0.998079602301
0.998137004384
0.998190412381
0.998238714785
0.998283203449
0.998327347543
0.998369827958
0.998410620023
0.99844955323
0.998486293547
0.998519044261
0.998551789072
