0.125
0.264867329717
0.403620334264
0.561171573441
0.635665704859
0.678677486158
0.753198987962
0.790913983653
0.812366946345
0.824629604578
0.832156314922
0.837403125528
0.842009849821
0.845799374226
0.848730243197
0.850830513265
0.852825744572
0.854705532235
0.855890920822
0.857121351153
0.858207710118
0.859135124464
0.860008420489
0.860883607345
0.861524291689
0.862149083956
0.862710490789
0.863276271865
0.863741532345
0.864197741233
0.864629813777
0.86500579617
0.865339903228
0.865690589899
0.866024529996
0.866316833232
0.866581321385
0.866818040182
0.867047076062
0.86727948465
0.867495451711
0.867712301035
0.867895652042
0.868079213455
0.868242937171
0.868409136758
0.868558207361
0.868712531922
0.868848912785
0.868984399549
