0.0714285714286
0.0860702675304
0.080380223461
0.0788477124127
0.0835471763446
0.0791044195613
0.0762636194449
0.0860549787398
0.093206599397
0.0882668563297
0.0860913347294
0.086819189798
0.0886661211457
0.0753301310604
0.0815214667936
0.0896072496687
0.0961012873355
0.0992116025306
0.10126372572
0.0957466649005
0.0923026500582
0.104676298508
0.109578448575
0.108928465072
0.11311595832
0.118405742255
0.124540305136
0.129376329219
0.135263913925
0.14603538537
0.136263638207
0.165883530943
0.168502305398
0.182154250967
0.194305686501
0.204317284572
0.217257156191
0.225773298342
0.232040235253
0.248663647289
0.251981930116
0.264849804495
0.274354426411
0.281116569995
0.285423696426
0.294221687715
0.30234269495
0.305028235175
0.308794515943
0.321028778609
