0.0833333333333
0.0859262428856
0.0868933099712
0.086905775296
0.0853923582559
0.0860504925795
0.0856827764938
0.0833333333333
0.0858679361549
0.0876827382414
0.0833333333333
0.086588024336
0.0841100863422
0.0845588264983
0.0883566977476
0.084606484005
0.085254502442
0.0848473203384
0.0838746378181
0.085929723337
0.0857486487907
0.0832501097967
0.0851576033513
0.0848214972484
0.0838548026048
0.0834496645881
0.0886949549308
0.0899671986557
0.0845719850822
0.0842294004496
0.0852969437419
0.0870267062869
0.0853798860814
0.0864304439852
0.0868034501821
0.0841083299417
0.086333663502
0.0848152963108
0.0864121571587
0.0838575929456
0.0878346597238
0.0832179559858
0.0860111844646
0.0833952313119
0.0837050480063
0.0840644350689
0.0848695132815
0.0842565924529
0.0849771685231
0.0912209906909
