0.166666666667
0.333787932399
0.487646840888
0.615734239663
0.738622992754
0.871224113916
0.933522478011
0.95265175287
0.963619756062
0.970382553431
0.974836571017
0.978124467296
0.98083654365
0.982875867661
0.984488711005
0.986163777236
0.987272413154
0.988359855368
0.989159481545
0.989843124891
0.990444395491
0.990987173099
0.991470094596
0.991901477868
0.992290038463
0.992642118158
0.992962243817
0.993262188415
0.99353068402
0.993776607166
0.994007309768
0.994221281404
0.9944228256
0.994608960351
0.994778526938
0.994943220921
0.995097051657
0.995240572708
0.995376294499
0.995506739311
0.995629653999
0.995743683168
0.995852961792
0.995958377685
0.996057910597
0.996153418395
0.996242956409
0.996328429091
0.996409308354
0.996488461284
