0.0714285714286
0.0951570728282
0.0968535448357
0.139864160239
0.159286658587
0.158478510663
0.172021551322
0.176994501634
0.208498195785
0.225361790739
0.281239496547
0.3256200739
0.364213086599
0.378747990494
0.401268382709
0.428579267763
0.49085562537
0.516490285945
0.545473364337
0.591420884592
0.622568473258
0.638174318982
0.646424955259
0.653758727482
0.668160705425
0.673249111524
0.678207430889
0.682350901422
0.69223093093
0.695500968962
0.719917991406
0.745304279969
0.767133337227
0.791521919291
0.802206482203
0.807044112477
0.811882772756
0.820412053601
0.820949484447
0.823781677401
0.829830581664
0.845434136147
0.867034590982
0.877136556407
0.885597822749
0.891002056653
0.893590765042
0.897401889267
0.897918373208
0.899987460632
