0.25
0.694204188358
0.721286633166
0.734293832139
0.739655366981
0.741732502266
0.743723098
0.74456820906
0.744326934615
0.745217723194
0.746439541122
0.74680522518
0.747084841585
0.747316040675
0.747529760158
0.747704033567
0.747845721963
0.747989963045
0.748103024709
0.748195327553
0.748408224175
0.748491950532
0.748567685166
0.748630427027
0.74868604884
0.748630703687
0.748792146387
0.748837541038
0.748882080562
0.748924825666
0.748961613125
0.748992975378
0.749023752646
0.749053886076
0.749076741202
0.749102172136
0.749127806258
0.74915387346
0.749173567325
0.749194229007
0.749213737408
0.749235003956
0.749253384844
0.74927168747
0.74928791861
0.749303883019
0.749366741602
0.749381031109
0.749393303916
0.749406062978
