0.25
0.696572796296
0.724699589646
0.737488478677
0.740421289635
0.742520170245
0.743907959411
0.74527703969
0.746178309644
0.746652289356
0.747022583212
0.747331206757
0.747154986158
0.747137029
0.74722985133
0.747455736895
0.747629421549
0.747769134531
0.748057880465
0.748163560403
0.748423823847
0.748509306728
0.748576280025
0.748638544893
0.748693491118
0.748746568555
0.748796808095
0.748843970941
0.74889105101
0.748931616707
0.748968213123
0.749003011126
0.749034762675
0.749065737683
0.749094974314
0.74912125215
0.749146235925
0.749169257152
0.749193630525
0.749212548428
0.749231596383
0.749250227158
0.749268954288
0.749286417432
0.749302954156
0.749318741704
0.749333402535
0.749346492726
0.749360795692
0.749373903644
