0.135946377841
0.420246579788
0.59067955571
0.680976209439
0.703380473555
0.719395515495
0.727084742269
0.732303774198
0.73544274253
0.737696269281
0.738976486375
0.740300696731
0.741218744851
0.741974823198
0.742578183703
0.743185076664
0.743676403197
0.744159417028
0.744514291449
0.744509433567
0.744793755249
0.745094717427
0.745339524015
0.745553481343
0.74576703656
0.745952174192
0.746120669575
0.746273726214
0.746413431366
0.746552750091
0.74668588946
0.746798810772
0.746895734455
0.746993183698
0.747080730734
0.747160167656
0.747109598126
0.747058564122
0.747183682287
0.747312393411
0.747419957684
0.747487774598
0.747561432516
0.747545856534
0.747587319208
0.747643018164
0.74772843186
0.74777942737
0.747863525743
0.747908404771
