0.0714285714286
0.0737031300615
0.0744346687088
0.0732704691937
0.0725400313634
0.0733132419635
0.0716755749919
0.072462797619
0.0727791950113
0.0722011661808
0.0727828631453
0.0727317593704
0.073026561319
0.0742178236841
0.07356587774
0.0722076955782
0.0727237457483
0.0726477297268
0.0743532979451
0.0724688089522
0.072001657806
0.0719816974409
0.0731940171902
0.0741396055971
0.0718637380547
0.0735786814726
0.0741684054574
0.0728526718227
0.0725333556041
0.0722439531368
0.0729089121643
0.0725419916741
0.072796404276
0.0720957906972
0.0722066832685
0.0719084062196
0.0717197116942
0.0721999514091
0.0732622736595
0.0726736617266
0.0722540340541
0.0717103984451
0.0719918205377
0.0734656928247
0.0753300670467
0.072762034961
0.0729951459751
0.0721214974085
0.0723535083676
0.0734022463152
