0.0833333333333
0.0974446453422
0.114952515901
0.178956633077
0.23516901667
0.245238945526
0.237752488409
0.223031210654
0.242156098902
0.228815360103
0.235864022643
0.235186913373
0.246520050196
0.255510278902
0.236093530635
0.23269856857
0.23146604908
0.272199770323
0.301404024522
0.278435803377
0.310935228958
0.34179797097
0.354619850997
0.38256688065
0.414420647446
0.438576086681
0.496455471536
0.512686685561
0.534241937453
0.550649245405
0.570399455066
0.599474882285
0.61482805246
0.641364388827
0.642845043386
0.689520936762
0.710918441879
0.712004779636
0.719413459679
0.723146022031
0.727468351728
0.747725206058
0.76228886609
0.777181038232
0.78800626461
0.795151613431
0.80016412212
0.802538445397
0.805658024808
0.80846645505
