0.0714285714286
0.0912154284016
0.106031701862
0.132001205691
0.149202475172
0.180129574411
0.281403799352
0.359236221881
0.44689968149
0.497711363968
0.546319782372
0.590174104937
0.612891141072
0.650536296857
0.667293641738
0.720591188881
0.76059933379
0.785966514679
0.801954343524
0.811573693869
0.817194487966
0.821920368322
0.826113721567
0.82941875608
0.831667677303
0.83374648993
0.835462936124
0.836777420664
0.838185878313
0.839306795554
0.840442955656
0.841355653428
0.842171845675
0.842944454372
0.843608023012
0.844249570722
0.844790247722
0.845368847269
0.845663388702
0.846055399339
0.846508786294
0.846875100981
0.847222834787
0.847561493306
0.847854727114
0.848118790752
0.848383845083
0.848608136647
0.848801341766
0.848938418913
