0.125
0.13529788961
0.125259589947
0.126380208333
0.127690972222
0.130663991101
0.1305
0.128177910053
0.154623421717
0.141582575999
0.130580834803
0.130198688272
0.131182484568
0.131961335829
0.129551642416
0.127705439815
0.147410182988
0.12653587963
0.129056712963
0.125103980655
0.128354263117
0.127694940476
0.127175925926
0.137501183712
0.128895173837
0.135622750142
0.135615740741
0.125179398148
0.12643106635
0.129351851852
0.125
0.128640625
0.130451388889
0.190832358716
0.20989244795
0.257173742356
0.280985527998
0.295420686987
0.293151215563
0.291936389368
0.32831066583
0.301851554013
0.311380909339
0.304223041317
0.305999927186
0.317212617427
0.305661004361
0.308224567666
0.308052726579
0.31222341553
