0.25
0.613703882322
0.9083097306
0.963740201035
0.97566667557
0.982509738749
0.986736836093
0.989062314501
0.990688028122
0.991914359103
0.992842070764
0.993569326769
0.994162596873
0.994661056537
0.995076139533
0.995431912552
0.995744185362
0.996016239556
0.996255891915
0.99646802995
0.996655798842
0.9968241952
0.996976874201
0.997115841649
0.997243387936
0.997359454158
0.997465429794
0.997563987102
0.997654621974
0.997828309832
0.997903830581
0.997974626763
0.998040729099
0.998102901415
0.998160786745
0.998215380111
0.998266556734
0.998314929295
0.998361373449
0.998404619999
0.998445850219
0.998485180941
0.998522543673
0.998558107647
0.998591959648
0.998624265903
0.998654921625
0.998684571021
0.998712830425
0.9987398077
