0.0833333333333
0.125622928688
0.159311446325
0.241488198862
0.288530472563
0.347537007809
0.415151623765
0.460392516666
0.510019743832
0.563333952983
0.639936627295
0.704627488924
0.738935278398
0.758862610696
0.78726835546
0.812213508151
0.850595977699
0.888440549746
0.923425563531
0.938680480376
0.946818665218
0.953258194308
0.957990398054
0.961731680351
0.96478938748
0.967566049103
0.97002314938
0.971912961359
0.973634149913
0.975149132923
0.97654642418
0.977763676135
0.978812936347
0.979742530813
0.980610579865
0.981430847422
0.982174113918
0.982828456327
0.983427949105
0.983987400032
0.984529552805
0.985013769257
0.985482505489
0.985911547948
0.986327331743
0.986710986667
0.987075409631
0.987427531955
0.987754341818
0.988076207399
