0.0833333333333
0.0840900997151
0.084460639669
0.0856690432583
0.0833333333333
0.0855934517003
0.0863471609645
0.0868390252248
0.0888962418335
0.0848654835103
0.0833333333333
0.0849555206698
0.0832371639132
0.0858325134274
0.0841032727193
0.086092345889
0.0839243664499
0.0854380262929
0.0869873182373
0.0853710166551
0.0895936053085
0.0896392790044
0.0832595190854
0.0840066490577
0.0840383810728
0.0862838404168
0.0846725995801
0.0833401469562
0.0849686028257
0.085993228946
0.0844791386551
0.0833592251003
0.0850342753351
0.08469171017
0.0856057450622
0.0860473901099
0.0858549087964
0.0865815409395
0.0842047957003
0.0854052803458
0.083207558902
0.0865903826427
0.0844708211683
0.0841355238677
0.0833333333333
0.0861700428204
0.0846670513443
0.0833333333333
0.0841291644863
0.0856350654514
