0.0714285714286
0.0724152696793
0.071658492266
0.0719608438614
0.0734046875329
0.0745059715062
0.0716237953515
0.0722202482183
0.0732577147923
0.0721867080165
0.0720799927114
0.0730238449546
0.0743765100286
0.0726867458293
0.0720920861342
0.072413143829
0.0734804728089
0.0716034985423
0.0724254433916
0.0735612161531
0.0723311467444
0.0739833180296
0.072255223518
0.07351025827
0.072767997576
0.072273672862
0.0726195200302
0.0721928086711
0.0730280966553
0.0731074243423
0.0730813947603
0.0724494956713
0.0729455603145
0.0743179578471
0.0731231703991
0.0742072823066
0.0743132133806
0.0737271247785
0.0733124291383
0.0720954304341
0.072395826678
0.0728801052109
0.073217460391
0.072454850988
0.0732625654428
0.0724218243845
0.0719807610544
0.0714022513767
0.0726437956135
0.073075292617
