0.125
0.125086805556
0.127002314815
0.136132154882
0.135933641975
0.134176311728
0.129457070707
0.132071759259
0.124841820988
0.129095117845
0.131016812085
0.126263503086
0.126795296717
0.133069841039
0.131823881173
0.130343364198
0.127584876543
0.128196899551
0.127768132716
0.132345679012
0.135093294052
0.135363312333
0.131275061218
0.169828639403
0.17360748502
0.15970088722
0.138845319817
0.12794367284
0.126937279541
0.130707246072
0.12888599537
0.127125859287
0.125868055556
0.126531635802
0.129171050786
0.134411707032
0.137374317426
0.128560414754
0.134893628748
0.131594328704
0.128542368126
0.129996141975
0.132833543771
0.126372667649
0.127411265432
0.13075915404
0.133612507284
0.131338033109
0.136246661325
0.127684922138
