0.125
0.134249510573
0.129899691358
0.125269184905
0.128534915123
0.130163966049
0.127160493827
0.141347081475
0.127507716049
0.135917467949
0.126253858025
0.127023868738
0.12975641835
0.134513888889
0.131065165544
0.126012731481
0.126181520062
0.128019781145
0.130136258418
0.127486496914
0.126089891975
0.12717496142
0.125270061728
0.126109182099
0.13635907688
0.127675101712
0.129368336139
0.126452195567
0.128358585859
0.134464786756
0.129292578563
0.128689236111
0.12740162037
0.131415018238
0.128388644972
0.127107445988
0.135773533951
0.130082926683
0.125858410494
0.146381030235
0.134737526783
0.129706439394
0.12947706229
0.12951099537
0.132850354875
0.12800154321
0.128641010802
0.130153356481
0.132288895168
0.129791842031
