0.0833333333333
0.173774754839
0.217248024746
0.288076636922
0.367243760564
0.430737066519
0.483313875416
0.552120784375
0.599287915157
0.634554633023
0.680928731984
0.753544421342
0.781252610933
0.790921183229
0.799007857583
0.804331033011
0.807830510936
0.810747158785
0.812883541959
0.814797423868
0.816377894048
0.817623532085
0.818724169279
0.819570502391
0.820477428668
0.821199485448
0.821882093692
0.822448224746
0.822933475744
0.8234359928
0.823888618558
0.824307153482
0.824708053917
0.824893273558
0.825202020841
0.825492968368
0.825757298213
0.825985696713
0.826240711876
0.826454420249
0.826651244755
0.826843135031
0.827026248826
0.827205817388
0.827370730342
0.827514306516
0.827696119274
0.827827406031
0.827997153549
0.82812597494
