0.0833333333333
0.0863345140818
0.0862970426501
0.0845367239598
0.0858215985276
0.086918785156
0.0851522533734
0.0866813729108
0.0840964590965
0.0860912905596
0.0856467504819
0.0845426640413
0.0849579805624
0.0839761200338
0.0866640348612
0.0885494237143
0.0852698446242
0.085809578598
0.0856760707241
0.0856776389057
0.0857694655772
0.085412305948
0.0844456799814
0.0865796926923
0.0859752020466
0.0859173945712
0.0846071663379
0.0849285596882
0.0848723874823
0.0865985472098
0.0845348091571
0.084644414143
0.0854440231056
0.0867761262954
0.0833846975674
0.0843692136618
0.0848590956764
0.0840926853976
0.0854130606878
0.0838671020677
0.0845460184402
0.0848860007514
0.0893593795178
0.0847878286752
0.0833421386306
0.0852355011696
0.0852138932496
0.0833333333333
0.085225633646
0.0845718892422
