0.0714285714286
0.0944519468983
0.121245768249
0.139851844703
0.175633612724
0.195658501586
0.231195856785
0.276632251217
0.316530036064
0.359485160212
0.367780032879
0.402375609418
0.425879818055
0.459818510155
0.475654783371
0.504025348224
0.508558005736
0.532321707086
0.553253758279
0.58927536614
0.620950119321
0.636435665491
0.651012265921
0.660686001257
0.679278613386
0.696579554696
0.716498386319
0.751872506338
0.776791502533
0.789714855237
0.798040888329
0.809526432626
0.817769854794
0.839202159803
0.857131004193
0.865537246481
0.877503384735
0.88500646772
0.888843099526
0.892444527282
0.894890782765
0.89761213189
0.899530617547
0.901646379425
0.903141100502
0.904556042435
0.905628942455
0.906584635761
0.907475722816
0.908361127053
