0.135946377841
0.176823729492
0.599653224913
0.751734131227
0.789579323073
0.811902820832
0.8185176406
0.834449910767
0.840591822308
0.845477464526
0.850010424456
0.854323828636
0.856588660779
0.859386474113
0.861480131619
0.862769024174
0.864312398409
0.865049965189
0.865762904982
0.866438899156
0.866903141928
0.867357313518
0.867658902167
0.868016774893
0.868449836639
0.868748532561
0.869100892214
0.869336041421
0.86954010312
0.869736820801
0.869986857182
0.870171455977
0.870342766153
0.870500048508
0.870691049817
0.870839139783
0.870964839238
0.871095979201
0.871261104224
0.871421866003
0.87154187234
0.871639284561
0.871770580597
0.87185531712
0.871936620139
0.872049917693
0.872115278937
0.872180508182
0.872247015083
0.872343381015
