0.0833333333333
0.131037507037
0.177153522491
0.237478752839
0.279692134973
0.32213122452
0.360376464371
0.389227355118
0.395714096666
0.434383462
0.430102499343
0.457387166043
0.510137016594
0.541026869538
0.57039534721
0.619904588827
0.633893176216
0.656888484968
0.691098163334
0.703067676384
0.709439831623
0.728778368796
0.760909372085
0.821169531183
0.844103616579
0.860285262999
0.870141932314
0.875887092862
0.880728329561
0.888187501089
0.889603873308
0.890729602645
0.892488916384
0.894046033046
0.900601818998
0.925853472924
0.948044033985
0.95669560231
0.965874354476
0.97053982286
0.972961306038
0.975896646585
0.977510819368
0.978735335242
0.980165970368
0.981140041973
0.982196983288
0.983022561959
0.983787062013
0.984422929223
