0.1
0.106570019724
0.105315366452
0.10969771138
0.105327228715
0.101902451084
0.101412678231
0.103814738292
0.101333530106
0.103266758494
0.105052853712
0.102371900826
0.100741167923
0.10179020979
0.100446280992
0.103873853419
0.103188594865
0.103967401286
0.107293405368
0.102428177883
0.104278531686
0.102641873278
0.103077755578
0.101986225895
0.10703129194
0.101818181818
0.101266299357
0.101258953168
0.102829095147
0.102495867769
0.100616973935
0.101402203857
0.102813360882
0.107460514233
0.10411510207
0.102661157025
0.104084841926
0.104860215542
0.107476314062
0.102616550117
0.1
0.10279278802
0.10229912764
0.102323232323
0.10323953824
0.101242424242
0.10221533517
0.101986225895
0.100884986226
0.107414994097
