0.25
0.704729914916
0.730264170314
0.738141791991
0.869994967156
0.965588864517
0.975617708878
0.98147431063
0.984844046209
0.986880175481
0.988694988927
0.98989096199
0.99084861297
0.991730543322
0.992532824878
0.993082415456
0.993567496711
0.993977617884
0.994440119599
0.994925412081
0.99527990923
0.99552273213
0.995754702637
0.995936311007
0.996117817276
0.996333154273
0.996554737005
0.996739038417
0.9968633764
0.996961907986
0.997063579554
0.997162660903
0.997259979352
0.997342310894
0.997427192478
0.997505366597
0.997574088139
0.997691500522
0.997751694261
0.997816464241
0.997868861546
0.997918899541
0.997968680246
0.998019887334
0.998108801364
0.998153876942
0.998268570221
0.998308125004
0.998341991332
0.998375024306
