0.0714285714286
0.072616208934
0.0756329067221
0.0730136121909
0.0722303839691
0.0715070254292
0.0732447520179
0.0722490081666
0.0726144071761
0.0746610070119
0.072655958961
0.0728402161956
0.0722762823714
0.0719397034607
0.0733112987258
0.0714532042976
0.0726424498371
0.0726455443564
0.0730592757937
0.0725461613217
0.0769678838582
0.0721646595146
0.0718060785822
0.0719131514213
0.0732124930826
0.0729525085221
0.0726273759752
0.0723510058447
0.0723275024295
0.0734658193635
0.0748063489348
0.0751109121386
0.0747933538495
0.0729759036551
0.0727432175635
0.0723211923658
0.0719183605982
0.0727646346237
0.0722983458016
0.0725997311014
0.0736553574803
0.0735336656709
0.0763843606777
0.0724019915506
0.0727677770017
0.0740033320327
0.0712557682906
0.0718977769679
0.0727058489566
0.0735547254616
