0.166666666667
0.183783895503
0.287815375982
0.323156448747
0.335608028578
0.371915757298
0.477759666981
0.579535444208
0.620445438419
0.640198783674
0.655157436029
0.660407443024
0.664510595098
0.66777627182
0.669845057909
0.68349138488
0.705164314398
0.708485478704
0.741320692621
0.742201797795
0.762358995291
0.786216375259
0.800442453494
0.808428424095
0.81078829116
0.814819213609
0.817461848269
0.819426030006
0.820929894845
0.821896189383
0.822886975228
0.823408237051
0.824174410249
0.824688601116
0.825269453899
0.825715063361
0.826077920194
0.826407182471
0.826684703952
0.826978081787
0.8272766019
0.827491372495
0.827697667607
0.827880464096
0.828047142064
0.828192945398
0.828347056619
0.828529326822
0.828672914686
0.828808191918
