0.25
0.259107142857
0.272083333333
0.318446869489
0.389141664662
0.499077313811
0.5922075452
0.873802192199
0.934204429053
0.957845588226
0.968962696593
0.975564186472
0.979714615487
0.982525087907
0.984708822184
0.986391123684
0.987778000156
0.988893181503
0.989835134675
0.990626904087
0.991289857548
0.991886432208
0.992393342223
0.992837488553
0.993242395405
0.993600404283
0.993920360659
0.994209985512
0.994472255347
0.994712548596
0.994931334902
0.995139532852
0.995327724599
0.995500301254
0.995663420189
0.995812567214
0.995952859838
0.996084683607
0.996208097576
0.996323536622
0.996432358937
0.996534661722
0.996632111846
0.99672420031
0.996811330929
0.996894322299
0.99697273509
0.997047338235
0.997118220307
0.997184921939
