0.166666666667
0.231668450856
0.332997936829
0.57436172696
0.837728655076
0.915809965472
0.939902014267
0.956523223954
0.965676546573
0.972755610283
0.976801119413
0.979764289509
0.982374655357
0.984204802748
0.985676264406
0.986896447962
0.987951252972
0.98882773412
0.98960193008
0.990264573988
0.990852548379
0.991369437082
0.99183691382
0.992258737722
0.992634953027
0.992980287653
0.993286903911
0.993573625008
0.993833711601
0.994079092864
0.99429954938
0.994507235462
0.994699314497
0.994877879402
0.995046123813
0.995204168829
0.99535229052
0.995491504421
0.995622844523
0.995747969462
0.99586569648
0.995976539215
0.996081125813
0.996181126106
0.996274561218
0.996364970263
0.996451177146
0.996533354514
0.996610118407
0.996684488113
