0.125
0.128337191358
0.127033354377
0.128852763749
0.129033230028
0.126024130191
0.129992283951
0.135033670034
0.130373263889
0.12823591821
0.129970945248
0.125877700617
0.128718171296
0.130018150253
0.133655047954
0.131139520202
0.128068094136
0.12585051908
0.127519991582
0.127353395062
0.133285745715
0.129089506173
0.126432291667
0.129217873176
0.126493055556
0.14123317637
0.125468223906
0.126890432099
0.135563271605
0.132735953283
0.127025462963
0.127748842593
0.134516256313
0.137148313948
0.126350308642
0.129887766554
0.132041492896
0.134152725168
0.128903619529
0.136272271324
0.127507716049
0.127060185185
0.134403217784
0.131894027076
0.127637924383
0.129473554994
0.131235795455
0.131851373584
0.13206588454
0.128260030864
