0.0730791423712
0.0886294625173
0.103985334683
0.109876637511
0.124925050209
0.147904676754
0.148530662948
0.153261218224
0.167480343195
0.189522896642
0.194296046584
0.212304999196
0.204881114392
0.197424139057
0.19241869685
0.203494544411
0.215136754319
0.212037807184
0.212428765017
0.216985339974
0.240696478014
0.268895350622
0.282991984401
0.293643674486
0.301214974009
0.303425732952
0.309081763615
0.307998645803
0.317200076296
0.310124863277
0.31506507805
0.315246252372
0.320225691074
0.32162088222
0.326415502823
0.334706873159
0.358045821453
0.345651402915
0.366528528774
0.381959456198
0.394609265736
0.421976892073
0.43324829164
0.44928042729
0.467348613064
0.474496277565
0.474589724244
0.478265192993
0.49405446396
0.501773759113
