0.0833333333333
0.098676247516
0.100878059469
0.105730941249
0.117528509815
0.109462475527
0.115018224959
0.131775838096
0.166845971362
0.164978509343
0.174159752211
0.179658111645
0.196882813201
0.207295869836
0.219072803488
0.233842778517
0.25384501099
0.261317483571
0.293918946763
0.321942236798
0.327563314649
0.354611330924
0.385162202856
0.395486937206
0.41439906052
0.424702130826
0.4270038296
0.453782724005
0.451671444593
0.463339040042
0.49863830272
0.523374597503
0.55176979059
0.587494137959
0.591945858406
0.622036460491
0.634742198692
0.66559012532
0.683790172396
0.685351874727
0.696762312539
0.716108219052
0.713595568452
0.718052589177
0.717892852454
0.723918179284
0.731899025503
0.751539608725
0.779376457124
0.786685155665
