0.1
0.0998735569986
0.104930916306
0.101195938982
0.100697751323
0.102829365079
0.10112049062
0.103308802309
0.101253246753
0.100416125541
0.102688848189
0.103394179894
0.104734115091
0.109945294212
0.107001533189
0.103585987425
0.101842712843
0.103156325156
0.101255561568
0.104069169587
0.106266624579
0.106401034151
0.102135582011
0.100927699285
0.102676741909
0.103144540645
0.101220470006
0.100031024531
0.103295995671
0.106765223665
0.105382996633
0.1
0.101121933622
0.101403439153
0.104334415584
0.107057685087
0.0998138528139
0.102468434343
0.101137239744
0.103782347282
0.101161856662
0.102104407167
0.103556577682
0.102182539683
0.103896825397
0.100852453102
0.102993386243
0.100683020683
0.101952861953
0.100607448107
