0.25
0.837540671769
0.952820176898
0.97202615723
0.980104423271
0.984607268645
0.987456136609
0.989718687148
0.991447600841
0.992464749542
0.993267838508
0.993917892705
0.99444701952
0.994896072113
0.995271118301
0.995605024629
0.995893746701
0.99614696128
0.996370718763
0.996569774313
0.996747983226
0.996908960738
0.997174610176
0.997302158691
0.99741753318
0.997524717521
0.997622923914
0.997713206246
0.997796598913
0.997874684506
0.997947662388
0.998014864307
0.998078844524
0.99813835243
0.998194265498
0.998246806595
0.99829619401
0.998343247415
0.998387600862
0.998429765162
0.998469965
0.998507710253
0.998543807762
0.998578298295
0.998611142002
0.998642488379
0.998672460543
0.998701192704
0.998728712428
0.998755027783
