0.0833333333333
0.0857959785291
0.0889729415048
0.0845152048915
0.0869863134
0.0837838601727
0.0848062980025
0.0843102770718
0.0895255285756
0.0833528008273
0.0859682672927
0.0852022884602
0.0848473203384
0.0833692436495
0.0851087573661
0.0885408071408
0.0859118186393
0.0846195506591
0.0862605695514
0.0851648712157
0.0861734460268
0.090738519775
0.084340030793
0.0848541339613
0.0852126603083
0.0833333333333
0.0868231397497
0.0846039982945
0.0861051600064
0.0850877114429
0.0849832214717
0.084813176517
0.0877399837292
0.0839672381977
0.0844889886663
0.0865924838342
0.0848681505569
0.0855161260933
0.0864424449742
0.0850536757743
0.0835137970023
0.0833047161172
0.0858177857274
0.0840444989131
0.0849183766913
0.0848152963108
0.0831471447791
0.0879000505117
0.085307275934
0.0840888631687
