0.0833333333333
0.085350115236
0.0840873995016
0.0859080797498
0.0840475271899
0.0833333333333
0.0852980577151
0.0878798410899
0.0872496956149
0.0851175291545
0.0841891243677
0.0857415993293
0.0857035210422
0.0855957021787
0.0837989813684
0.0833333333333
0.0846358709082
0.087486971986
0.0863639220999
0.0863170566482
0.0846643619461
0.0867244438815
0.0857368398876
0.0841480785987
0.086694878346
0.0877784060076
0.0842633928571
0.0840856546373
0.0848542853751
0.0845212794706
0.0840644350689
0.0849831839787
0.0843152629133
0.088729226188
0.0852574903418
0.0833333333333
0.0869752792244
0.0855273199023
0.0850427379268
0.0839997056515
0.08669821612
0.0884294408901
0.0854393268296
0.085685908925
0.0849530883146
0.0844784113279
0.0837119364348
0.0849350902559
0.0874236830976
0.0843648956496
