0.1
0.245966087709
0.398620550248
0.43866690742
0.567275197529
0.684868542876
0.725740937995
0.748637629116
0.760172158663
0.768002319757
0.772929923011
0.775622683734
0.778794734799
0.781355776991
0.783331501166
0.784772735745
0.786110552476
0.786686934538
0.787568227798
0.788458518388
0.789225242983
0.78983023558
0.790489267473
0.790994049201
0.791464711156
0.792056818943
0.79245016345
0.792767308478
0.79308807333
0.793344051138
0.79360262562
0.793906567896
0.794118627958
0.794315463133
0.794502962601
0.794676901707
0.794855318809
0.795029473627
0.795238332358
0.795247996758
0.795385059053
0.795525841539
0.795626954729
0.795739563478
0.795847119797
0.795938792832
0.796035233628
0.796129366215
0.796216317619
0.796302113092
