0.166666666667
0.575458254943
0.785384285557
0.809011476573
0.81514173014
0.819620966815
0.822718692842
0.824630762103
0.825815549605
0.82682434188
0.827563111171
0.828100578083
0.828605160019
0.829011869793
0.829339014257
0.82961767529
0.829870192873
0.830087194433
0.830274509767
0.830448450696
0.830601789879
0.830739941291
0.830863108721
0.830972835055
0.831141155788
0.831229328303
0.8313167576
0.83121422759
0.831294309543
0.831423014933
0.831487794741
0.831548296226
0.831606286187
0.831662543202
0.831758168121
0.83180499641
0.831852701054
0.83189379713
0.83193499222
0.83197198648
0.832006132093
0.832039381441
0.832068650624
0.832097948613
0.832125803307
0.832155417103
0.832183174945
0.832207957093
0.832232846936
0.83225557978
