0.166666666667
0.173279242252
0.166302910053
0.176715443122
0.166666666667
0.171188271605
0.181996409675
0.180634920635
0.164918797766
0.174858276644
0.17058531746
0.209652076319
0.166666666667
0.176707175926
0.182651014109
0.173888888889
0.172366898148
0.172139550265
0.165625
0.177251157407
0.177380007559
0.171481848912
0.178428130511
0.192428823381
0.23331207483
0.277385881348
0.305608823121
0.348141685124
0.358404801682
0.370439331596
0.430531530276
0.389016318165
0.391496683158
0.402800186216
0.393778701259
0.407450127488
0.395393668783
0.448120750788
0.404953741483
0.40939331508
0.411574905943
0.407027060675
0.420004035274
0.476284584219
0.410595504113
0.425306408693
0.407480963602
0.417631806657
0.460307841313
0.480889606887
