0.25
0.878453949807
0.968028385639
0.981791266312
0.987185263931
0.990137485446
0.991940784214
0.993192568554
0.99410558734
0.994823731048
0.995547200694
0.995971792551
0.996322093702
0.996758622877
0.997002522047
0.997212423549
0.997393067614
0.997551917593
0.997693693264
0.997820434268
0.997933225396
0.998033203482
0.99812536573
0.998209123805
0.998286433252
0.998356623585
0.998420843896
0.998480352311
0.998535738851
0.998587267287
0.99863575626
0.998680780296
0.998723070045
0.998762503958
0.998799677315
0.998834542291
0.998867407359
0.998898598828
0.998928027225
0.998955798097
0.998982454103
0.999007726083
0.999031794913
0.999054655827
0.999076478376
0.999097252585
0.999117203865
0.999136334158
0.999154423345
0.999171928502
