0.166666666667
0.213335771371
0.212884337884
0.178400179516
0.195320337731
0.172252928949
0.174762613379
0.183223104056
0.177808591871
0.166477702192
0.201033292105
0.177390400605
0.190365710678
0.174404761905
0.169005102041
0.165462018141
0.168414588057
0.188763881621
0.176109641387
0.176551773143
0.165674603175
0.18879612451
0.19440791847
0.196418073402
0.197573260073
0.169459141681
0.180380190797
0.172760770975
0.181033871882
0.182240488788
0.16869016125
0.183093334135
0.20205375753
0.169548374906
0.171272675737
0.176711309524
0.170192035147
0.175793650794
0.19927744709
0.212118051701
0.175262581885
0.173611111111
0.17294973545
0.172130889393
0.203203997648
0.169849537037
0.173063114135
0.185141093474
0.167871315193
0.180493223524
