0.25
0.923375042872
0.978667764946
0.986914223735
0.990741064331
0.992695783851
0.994000680146
0.994899324897
0.99559721633
0.99611522387
0.996526968066
0.996847047906
0.997128264985
0.997355490862
0.997560685022
0.997734621809
0.997886729802
0.998015679992
0.998128524039
0.998228824011
0.998321359982
0.998405817763
0.998478827678
0.9985474261
0.998611697233
0.998670586919
0.998722495838
0.998771562101
0.99881786414
0.998859684431
0.998899010398
0.998934985305
0.998967463484
0.998999190088
0.99902934467
0.999057989105
0.999084135539
0.999109807491
0.999132948377
0.99915558632
0.999176916216
0.999197581901
0.999217107489
0.999235961756
0.999254042435
0.999269837483
0.999285475919
0.999300893807
0.999314889667
0.999328850162
