0.1
0.105211556121
0.127193052192
0.127581129021
0.181886186857
0.229479881543
0.288058839115
0.328891069091
0.418831845282
0.520013847238
0.581279637652
0.618516089417
0.633594455347
0.665204465923
0.712536929553
0.784975020518
0.84476801283
0.881680924415
0.910581999649
0.925589956146
0.936313302075
0.944906251589
0.951590663646
0.956436055572
0.960753247372
0.964472077748
0.967307864869
0.969657050839
0.97160611526
0.973359879197
0.974818936788
0.976118420156
0.97748862548
0.97853709336
0.979415477939
0.980321363532
0.981124809031
0.981885101509
0.98258863375
0.983230249376
0.983808456916
0.984377969764
0.984896386866
0.9853700421
0.985822760372
0.986255256363
0.986665460211
0.987040323075
0.987390138181
0.987726841662
