0.0714285714286
0.0834818691219
0.080767933724
0.0838991629038
0.0821621761286
0.0759808418881
0.0810772904886
0.0850726963606
0.0867500374627
0.0825292475703
0.0745843365254
0.0746608426219
0.0904873454613
0.0860469565509
0.0760932490955
0.0757404266947
0.0753502175389
0.0799501277641
0.082238378829
0.0787590035531
0.0971030508441
0.0821323521258
0.080439105294
0.0967720244178
0.0832883834003
0.0768827033128
0.0943601228504
0.0857924370897
0.0729393135836
0.0822520185009
0.0869062504559
0.0824886697253
0.0745285177676
0.0836445660592
0.0795874644551
0.0947067615147
0.0965677429686
0.0882259176702
0.0860969452453
0.0826861481846
0.106841175607
0.0906804732364
0.0796046075335
0.0870803966047
0.0808578814397
0.071826514584
0.0755977414527
0.0774339778765
0.073230843564
0.0722599401313
