0.1690287226
0.166666666667
0.193428760393
0.181287005543
0.171237244898
0.176256613757
0.174125514403
0.199494770551
0.173319790879
0.172530470522
0.172884778912
0.166855631141
0.174215403754
0.196174900937
0.184557271983
0.176099143361
0.176473922902
0.190295335727
0.179815129756
0.168556311413
0.171804138322
0.168296485261
0.177879214958
0.192680776014
0.173109174225
0.168162635425
0.189381055452
0.182201121189
0.181344052773
0.172134826153
0.177143172084
0.177210884354
0.169217687075
0.176451483371
0.172619047619
0.190072243123
0.170379818594
0.171272675737
0.172155225727
0.168598303519
0.169506859983
0.16512345679
0.169501133787
0.168178382464
0.17193877551
0.170121173469
0.19004556951
0.176939462654
0.169217687075
0.175547996977
