0.166666666667
0.181854686319
0.166666666667
0.174017384732
0.183394589317
0.177564870645
0.173244992441
0.171825396825
0.16868622449
0.174017384732
0.166666666667
0.171768707483
0.186142175726
0.181451705261
0.193458465036
0.179986693752
0.175363506093
0.183727402998
0.172371031746
0.200965293525
0.182828855448
0.177268754724
0.17080026455
0.171924209499
0.176473922902
0.171808075082
0.166889988319
0.203158200926
0.192625124545
0.173352465986
0.186549272487
0.166595804989
0.168079963467
0.17079239103
0.168698034769
0.178670634921
0.166288737717
0.171558090829
0.194509830447
0.177538029101
0.171083711262
0.188177122701
0.167644557823
0.179527405098
0.1690287226
0.174065806878
0.179476095994
0.206542894936
0.172979261149
0.189277029555
