0.0714285714286
0.0723009503901
0.0724204662024
0.0736233663852
0.0725386934288
0.0727888932662
0.071447467876
0.0728584019173
0.0726776659738
0.0725103134801
0.0721125102841
0.0742085127702
0.0727580646594
0.0719845403439
0.0736031068347
0.0734282647831
0.0723037468956
0.0750358829599
0.0725149864013
0.0723093631054
0.0719429934672
0.073720658485
0.0743493667308
0.0742531664203
0.0719510919447
0.0737503015839
0.0725345535039
0.0718756432384
0.0719245188155
0.0736092509921
0.0728216044602
0.074353741949
0.0727937385272
0.0728009364708
0.0736245527815
0.0719851730375
0.0725399187453
0.0730673320916
0.0727361275611
0.0722232893653
0.0728301460575
0.0714560725084
0.0730345782493
0.0726719309582
0.0730896164958
0.0742203801163
0.07189659594
0.0718636363275
0.0729091587032
0.0735769775007
