0.258854166667
0.337613378685
0.84158501738
0.949204823841
0.970885316031
0.97950193985
0.984367539812
0.987337926351
0.989437136371
0.990902017903
0.992002523994
0.992876266301
0.993564074051
0.994139755297
0.994623050976
0.995022113368
0.995376099971
0.99566973144
0.995939597492
0.996179323587
0.996386721613
0.996577988138
0.99674810795
0.996899373054
0.997041885527
0.997165514822
0.997286735267
0.99739905547
0.997500347012
0.997592789034
0.997681500826
0.997760900267
0.99783710425
0.997906340732
0.997971540177
0.998031426932
0.998089207232
0.998142746272
0.998195150556
0.998244257145
0.998291974258
0.998333976188
0.998375599357
0.998415435004
0.998454173122
0.998489019453
0.998523040746
0.998556644394
0.998588008711
0.998617841297
