0.125
0.128240740741
0.130948021886
0.137165729718
0.126027199074
0.127461770483
0.127295524691
0.12768132716
0.136136539001
0.127295524691
0.129685746352
0.128506944444
0.129490740741
0.129087752525
0.130309606481
0.14003520049
0.131667981902
0.129729587542
0.132320129716
0.125231481481
0.125532407407
0.128333333333
0.129327300786
0.132344236239
0.127975589226
0.137008627946
0.12712191358
0.129060570988
0.133523524385
0.129282407407
0.131703820695
0.127692901235
0.126313043631
0.126205632716
0.135405874989
0.126458333333
0.128840926627
0.129884259259
0.133078919537
0.130446127946
0.129232253086
0.126346450617
0.132811479696
0.129149305556
0.129918981481
0.133240071166
0.133599752871
0.130892606622
0.129143518519
0.125762135241
