0.125
0.128761574074
0.128501715386
0.134587191358
0.126157407407
0.127874666807
0.127995230079
0.128733009853
0.134097046857
0.127530864198
0.130447234093
0.128655478395
0.134000970883
0.126065779321
0.139185839676
0.129168595679
0.139311456735
0.125790895062
0.130074354658
0.133087822671
0.132482578186
0.127638888889
0.129189376403
0.127334104938
0.127218364198
0.126579159652
0.126880787037
0.129385434203
0.127208719136
0.13
0.138047138047
0.133102712733
0.127573302469
0.130875333193
0.129594907407
0.128544368878
0.128026038478
0.132959104938
0.12912808642
0.142335595539
0.131472190262
0.126391957772
0.126485339506
0.129467592593
0.130744598765
0.127287808642
0.128211805556
0.126658950617
0.129076124493
0.136602132435
