0.179526748971
0.631231863833
0.90232940377
0.949625010972
0.965795822963
0.9741401996
0.979138125293
0.982646990486
0.985050548452
0.986907786266
0.988337944457
0.989488974898
0.99042579387
0.99122410389
0.992011146842
0.992576398706
0.993068336454
0.993503975447
0.993883104706
0.994220249751
0.994529154172
0.99488258237
0.995127643554
0.995348291861
0.995549806539
0.995734612045
0.995906668723
0.996063437182
0.996209974081
0.996345450945
0.996472146688
0.996591969041
0.996702431027
0.996806068957
0.996903395817
0.996994786815
0.997080523216
0.997162092071
0.997237989582
0.997310434269
0.997379135402
0.997444947204
0.997507372105
0.997567438261
0.997623784152
0.997677293153
0.997728930428
0.997777997905
0.997825548984
0.9978708811
