0.1
0.102382395382
0.101079365079
0.104357142857
0.100062049062
0.104233262108
0.10262202381
0.0996186868687
0.102338796125
0.10689964731
0.100876743627
0.111334865135
0.101560606061
0.103764430014
0.100034632035
0.103962148962
0.102840548341
0.101395863396
0.10509968735
0.103421356421
0.101304954305
0.101506493506
0.0997834295334
0.1
0.102371212121
0.10656712963
0.10339781746
0.104685647686
0.100760822511
0.104575602968
0.0996166426166
0.102063492063
0.0998571428571
0.102282106782
0.105677128427
0.100744829245
0.100941077441
0.103082824583
0.105247234247
0.107120036529
0.111318783069
0.102820947571
0.103199296074
0.103351881914
0.101683862434
0.107479094979
0.100379440665
0.103666666667
0.101341880342
0.101056637807
