0.166666666667
0.389753350327
0.635399826515
0.704434138908
0.784411535141
0.801068091688
0.805673803307
0.812570952744
0.816550953584
0.819464689808
0.821161437162
0.822881982384
0.823890757993
0.824672539327
0.825232402499
0.825857501018
0.82641206555
0.826847477481
0.827221844968
0.827577524651
0.827930836864
0.828289598905
0.828555230538
0.828783620414
0.82897428963
0.829179266424
0.829393893418
0.829570502888
0.829682365177
0.829835585195
0.829967027031
0.830056915013
0.830194004785
0.830304516773
0.830394245911
0.830497742748
0.830569814939
0.830644534627
0.830706992068
0.830760786521
0.830839008794
0.830894317076
0.830971630928
0.831038328186
0.831092003775
0.83112198782
0.831169082842
0.831225415739
0.831265720106
0.831298127242
