0.0714285714286
0.0724975071874
0.0714285714286
0.0714408878631
0.0714285714286
0.0729328901975
0.0718487657409
0.0719266784095
0.0730443147001
0.0727569769227
0.0714375978566
0.07193683525
0.0721542709346
0.0748719170483
0.0724992555306
0.0731488015593
0.0719616368373
0.0719032814018
0.0714100967768
0.0718848700194
0.0719186136756
0.0738449849637
0.0723031690355
0.0724403116902
0.0747455103299
0.0713730631141
0.072324313654
0.0714469617212
0.0723351791113
0.0712884508962
0.0727179901542
0.0732515273989
0.0719060441637
0.074829228312
0.0728295044456
0.0714947089947
0.0725804364404
0.0737984289698
0.0723896751161
0.0723253090919
0.0714285714286
0.0724362751053
0.0733335906287
0.0733852922369
0.0723084688985
0.0732657996234
0.0725837011392
0.0721558821941
0.0717170505468
0.0718723848666
