0.0833333333333
0.110472228566
0.102259948608
0.110034738463
0.13543723554
0.156588873528
0.165406470856
0.177647291604
0.211992162129
0.279046230902
0.373730089589
0.43237826872
0.460062354907
0.490957409976
0.511143403337
0.538412012239
0.546230765854
0.5662728705
0.581719779937
0.581628356077
0.586972419382
0.599291805551
0.602765174227
0.608927766454
0.614003480469
0.622518741801
0.627832664352
0.635910798573
0.647012165609
0.686092073361
0.703168676454
0.727731373208
0.763751318776
0.780741647528
0.792909873045
0.798112994875
0.802748349698
0.806024367409
0.809096541179
0.811413279018
0.813189206424
0.814745522206
0.815987977345
0.816846089451
0.81783599111
0.81872592412
0.819453643115
0.82006213694
0.820607304143
0.821125206696
