0.0833333333333
0.186990651456
0.289276509832
0.397498959846
0.578765891354
0.65553948877
0.700520504304
0.749171026244
0.833978555849
0.856679184153
0.86900028409
0.877782248282
0.883659343748
0.887898096324
0.891044995808
0.893282282104
0.895340957267
0.896469607457
0.89850808438
0.899988635427
0.901040616683
0.902203639669
0.903093680613
0.903939055528
0.904591857051
0.90521203098
0.905766033612
0.90633137276
0.906800669053
0.907204897458
0.907588689102
0.907982029444
0.908287476755
0.908571871415
0.908840322954
0.909102682438
0.909345879337
0.909569437681
0.909795885463
0.909992368708
0.910219666856
0.910390177103
0.910566381406
0.910718838402
0.910875907876
0.911008018113
0.911146432383
0.911277473665
0.911401633163
0.911518226984
