0.25
0.696184530497
0.943875083293
0.97063472178
0.980416150788
0.985319839248
0.988224333759
0.990145428427
0.991538538063
0.992581263178
0.993378350235
0.994031502382
0.994561231037
0.995014319774
0.995392939799
0.995723683418
0.996008350354
0.996255105549
0.996474013159
0.996669165755
0.99684287575
0.997000319382
0.997141193067
0.997270195663
0.997388402431
0.997497168171
0.99759739056
0.997690045335
0.997775243773
0.997854638985
0.997928741759
0.997997725665
0.998062125772
0.998122160852
0.998179366331
0.998232881231
0.998282926776
0.99833069256
0.998375640456
0.998418679594
0.998459264871
0.998497805438
0.998534514375
0.998569504138
0.99860268906
0.998634132593
0.998664248171
0.998693290105
0.99872097889
0.998747386641
