0.166666666667
0.690081367868
0.787049437075
0.800693800125
0.809165739294
0.815657747733
0.819929354123
0.822366658899
0.823801107219
0.824966727999
0.826085471661
0.82685152015
0.827474444558
0.827921721896
0.828323147308
0.828835389402
0.829122669175
0.829391084686
0.829645854566
0.829877071452
0.830060705692
0.830215544851
0.830361188294
0.830482831762
0.830611800166
0.830785870038
0.830946171237
0.831037041869
0.83112816599
0.83106572047
0.831153801766
0.831287303507
0.831358971496
0.831417628593
0.831473892408
0.831575153083
0.831624434239
0.831673537067
0.831721028154
0.831762941641
0.831800437753
0.831839131701
0.831872368966
0.831905961606
0.831937208756
0.831970533861
0.832003200991
0.83203212949
0.832059366803
0.832086667638
