0.125
0.22353985992
0.349005443801
0.629416338144
0.747764096742
0.816718704969
0.838189919407
0.848486823228
0.853122738123
0.856959125467
0.859822008191
0.861842839841
0.863551709617
0.863689102315
0.864946108549
0.865914692567
0.866727680267
0.867359879307
0.86783385239
0.868291136931
0.868855972758
0.869216611828
0.869532091452
0.869918288128
0.870165472817
0.870377610095
0.870582066422
0.870760631432
0.870930179878
0.871086526103
0.871223556475
0.871366807108
0.871497394759
0.871614776078
0.871724053425
0.871824333439
0.871923537877
0.872014085748
0.872101371198
0.87218180305
0.872259826957
0.872335528627
0.872400791745
0.872469499874
0.87253082475
0.872588582101
0.872643667746
0.872698637813
0.872747115633
0.872794991189
