0.125
0.139655671296
0.133877665544
0.127859760802
0.128467399691
0.131648078002
0.125
0.126181520062
0.131790123457
0.126157407407
0.127655285494
0.127003542368
0.126362847222
0.130872774462
0.125072337963
0.126819058642
0.129282407407
0.125285844557
0.13122131192
0.126273148148
0.131462191358
0.126302083333
0.125
0.13235324361
0.128374615792
0.13305976431
0.129410686728
0.131567194993
0.130943287037
0.131008873457
0.131907059866
0.126974607183
0.132564853076
0.126631944444
0.131080246914
0.135364583333
0.129354394641
0.13420418798
0.125250771605
0.128027234147
0.127604166667
0.139924485237
0.126986882716
0.128198302469
0.131815200617
0.125
0.136447173758
0.12589216821
0.128622685185
0.146641865079
