0.1
0.103106301106
0.101810950413
0.101708925995
0.10507272126
0.0999069264069
0.0997950937951
0.10259006734
0.112098475598
0.100049422799
0.105010332921
0.100806277056
0.102126262626
0.1
0.1
0.105308991273
0.102275673401
0.100687229437
0.103040515041
0.102922481619
0.101098124098
0.1034004329
0.101657587783
0.107053768982
0.111412747606
0.105598905724
0.102662337662
0.100767316017
0.100247474747
0.102539678896
0.104881135489
0.102369757227
0.100724386724
0.103284188034
0.101222222222
0.101152236652
0.101566481138
0.100304112554
0.105380729059
0.103735514486
0.102020502646
0.103290343915
0.103190975691
0.101214285714
0.104134920635
0.121581733082
0.102312001821
0.107157201264
0.103066666667
0.102263227513
