0.25
0.676250261834
0.942732888681
0.970015501693
0.979781884268
0.984782151117
0.987804677289
0.989849214768
0.991309424979
0.99238481978
0.993253137344
0.993928324227
0.994477833961
0.994943538739
0.99533621507
0.995672795359
0.995962703665
0.996214014179
0.996439784348
0.996639331369
0.996816480475
0.996975432564
0.997120499697
0.997252121763
0.997372310102
0.997481754253
0.99758354849
0.997675654918
0.997762085645
0.997842793212
0.997918082596
0.997988325262
0.998053699044
0.998114188777
0.998171404065
0.998225407282
0.998275769
0.99832318335
0.99836867573
0.998412201733
0.998453156965
0.998491898403
0.998528819908
0.998563993222
0.998597575691
0.998629581169
0.998660230028
0.99868969237
0.998717449276
0.998744359597
