0.135946377841
0.504608885664
0.739118152343
0.813536246829
0.837128130996
0.84620410178
0.852025105843
0.856016384296
0.858837878447
0.861402033965
0.863041737625
0.864209318311
0.865190941326
0.86604324145
0.866741853748
0.867349977995
0.867873740953
0.868352795798
0.868736960536
0.869095791488
0.869411608833
0.869695808017
0.869948095425
0.870189104179
0.870252327249
0.870425832261
0.870626176691
0.870855606086
0.870998980127
0.871137663457
0.871264101843
0.871392613971
0.871509577972
0.871620524852
0.871723650523
0.871817306066
0.871910774183
0.872003385999
0.872086588828
0.87216480891
0.872235812453
0.872306728859
0.872442792561
0.872497854927
0.872559440215
0.872615085403
0.872671837017
0.87272300634
0.872773319363
0.872818379005
