0.1
0.10240135622
0.101262555626
0.102803030303
0.101251147842
0.100119834711
0.105034270896
0.103274528502
0.10564996115
0.102592768343
0.103909746819
0.101784072571
0.10574780018
0.103170110193
0.102346418733
0.101457724094
0.101507646394
0.101063360882
0.10378842622
0.101688705234
0.10132231405
0.10273415978
0.102454757364
0.102016317016
0.102567886659
0.100522038567
0.100595041322
0.103722955228
0.100513032422
0.103017800381
0.104788786971
0.104953140294
0.10220523416
0.100965105601
0.102129688493
0.105806932966
0.104774382183
0.108420988103
0.101985030121
0.103412534435
0.100948082221
0.100685950413
0.100465352829
0.105797964273
0.10553763156
0.101835169881
0.105753690754
0.103349511794
0.102080348944
0.103985248157
