0.0714285714286
0.0997255656079
0.119611634577
0.153342914577
0.170445540316
0.211531750845
0.242574322763
0.299148597327
0.353890573519
0.407925673225
0.444685692215
0.48504469265
0.516017074341
0.557467852826
0.588864302486
0.610964169783
0.639792108949
0.668898674766
0.692051345829
0.707613152352
0.718094527206
0.733921668362
0.756437901036
0.774289252269
0.794213076799
0.812259342101
0.820751318102
0.829954961605
0.84291921449
0.861877713766
0.873957942531
0.881820750129
0.886791283649
0.889505292658
0.892263017022
0.895001081458
0.89722715601
0.89901643881
0.90046424077
0.901890524067
0.903081341747
0.904323047207
0.905484135703
0.906363342527
0.907208412722
0.908110550743
0.908802751001
0.909473805582
0.910042520427
0.910572678401
