0.125
0.172305976431
0.295360863095
0.425335224558
0.597603310812
0.720982822621
0.797140570897
0.888559028561
0.917967593201
0.936418611722
0.947050395856
0.954886334957
0.961411533376
0.966435155253
0.969925414452
0.972758279146
0.975166897326
0.977200898968
0.978848150519
0.980269082079
0.981553183702
0.982641599437
0.983651481634
0.984550474313
0.985321057423
0.986019836142
0.9867794607
0.987364664079
0.987891111903
0.988386892794
0.988842836433
0.989242420198
0.989632560633
0.989997964255
0.990340300842
0.99065627915
0.990951810241
0.991232889729
0.991496830243
0.991741596099
0.991977714096
0.992193838401
0.992404341719
0.992600716718
0.992787670077
0.992967168152
0.993138041638
0.99330176353
0.993457952162
0.993605492735
