0.0714285714286
0.0753463364512
0.0782433914072
0.0752559015918
0.0747114716995
0.0800502419586
0.0794361824194
0.0901586531786
0.0785042141395
0.0759518049054
0.0788305513854
0.0749334497132
0.082157365027
0.0817938411235
0.0809800074051
0.087888722079
0.0927006654917
0.0976723415569
0.100082024921
0.0865407738143
0.0768906944239
0.100662764798
0.116593446767
0.099225257043
0.0848306469434
0.0956957033508
0.103771864876
0.105842857798
0.122911914809
0.126385531731
0.129855394375
0.154922951353
0.158619646059
0.165391966931
0.179985225501
0.178965055397
0.20106932379
0.193251096348
0.184903441809
0.190395665446
0.20583574362
0.211575207052
0.202753849262
0.220705890671
0.221228219072
0.204102671267
0.194513113922
0.209165055068
0.221631287964
0.228502675204
