0.25
0.496804072782
0.611475619175
0.688783898518
0.708302965168
0.721808287738
0.73037760117
0.735693143451
0.738177021977
0.740049560238
0.741388196879
0.742270244248
0.743012579601
0.743551610972
0.74418979826
0.744096442858
0.744569176153
0.744938372419
0.744782222644
0.745088559362
0.745431214223
0.746050194511
0.746219596351
0.746695222254
0.746822289675
0.746975028122
0.747105827757
0.74720903781
0.747331440442
0.747425084636
0.747532556956
0.747620271605
0.747694182262
0.747770830325
0.747851530581
0.747899118423
0.747961188904
0.748028366226
0.748069789893
0.748113499484
0.748175124662
0.748211904725
0.748255680101
0.748307638185
0.748342104563
0.748367568779
0.748398267534
0.748431206323
0.748469947188
0.748499332753
