0.25
0.766908750956
0.949804663569
0.97265568685
0.98094723653
0.985534089765
0.988300999718
0.990162378576
0.991544514015
0.992560462698
0.993369884819
0.994018806852
0.994562875944
0.995014573727
0.995400002901
0.995728028077
0.996007788213
0.99625987349
0.996479438565
0.996673617152
0.996848697452
0.997005162253
0.997147434239
0.997276700687
0.99739537763
0.997503387604
0.997602722874
0.997695046793
0.997780065433
0.997859137078
0.997933246498
0.99800188777
0.998066069248
0.99812649773
0.998183194658
0.998236716667
0.998287215963
0.998334681698
0.998379549599
0.998422170005
0.998462095753
0.99850060842
0.998537080252
0.998572081881
0.998604819061
0.998636384136
0.99866672412
0.998695841815
0.998723415872
0.998749981585
