0.126181520062
0.127160493827
0.128433641975
0.129389029181
0.128746229658
0.139616640374
0.139207133004
0.129565063514
0.130172558923
0.131518308081
0.139249175786
0.133402777778
0.131678503788
0.128045552406
0.12897183642
0.130837191358
0.136221574967
0.128951844837
0.127119721521
0.142394931457
0.132367424242
0.135474908001
0.127295524691
0.129047538198
0.13427795584
0.126022376543
0.124855324074
0.132168209877
0.128353061869
0.127141203704
0.12993441358
0.130823688272
0.13036703844
0.127356902357
0.125954861111
0.128390852974
0.126109182099
0.129103096942
0.13158941849
0.135899580743
0.124835157127
0.128327721661
0.131513126849
0.128833912037
0.128407656107
0.126012731481
0.125048225309
0.133261075082
0.14199911778
0.130752166429
