0.0714285714286
0.112213550031
0.101994814712
0.109889020426
0.143298979039
0.193236460826
0.226222500191
0.314972319483
0.389628550293
0.442712011731
0.500090264439
0.627997472134
0.673263992549
0.708939101628
0.727869734623
0.739336846888
0.745760429621
0.750473054655
0.759738794887
0.766723865531
0.768988779368
0.780267496051
0.788670409525
0.815662858848
0.862390881503
0.883727405094
0.892501818687
0.899620984066
0.903306202352
0.905837544236
0.90774740638
0.909490674634
0.910678235191
0.911843616147
0.912741574901
0.913560245097
0.914430073422
0.915118067075
0.91571086237
0.916239911944
0.91670425107
0.917138418404
0.917597293235
0.917993956685
0.918360662764
0.918704127491
0.919023064056
0.919326166854
0.9195950213
0.919867240914
