0.25
0.898345703696
0.966508532909
0.98069524182
0.9866384115
0.990319036764
0.992084217079
0.993292267132
0.99417222487
0.994869180663
0.995408547248
0.995845658792
0.996208972853
0.996647698958
0.996897936649
0.997111380567
0.997298723489
0.997463126316
0.997607364309
0.997737919997
0.997854143848
0.997959552833
0.998132525439
0.998215941196
0.998291967888
0.998361468434
0.998424873112
0.998484742831
0.998539772596
0.998591034261
0.998638935748
0.998683748517
0.998725690242
0.998764992423
0.998801870138
0.998836760551
0.998869655675
0.998900770173
0.998930128345
0.998958044322
0.998984521827
0.999009650376
0.999033575963
0.999056380805
0.999078127059
0.999098886376
0.999118754763
0.999137638672
0.999155841754
0.999173285835
