0.25
0.700534993652
0.729926404242
0.736982561662
0.740890092028
0.74368353891
0.744836783604
0.744869635616
0.745074567542
0.745518960464
0.74596317257
0.746607054595
0.746908743215
0.747154556872
0.747366497879
0.74772401502
0.747858740182
0.747983255669
0.748093325395
0.748204742792
0.748289164878
0.74837478872
0.748454800301
0.748519548693
0.748584998405
0.748641238625
0.748691359655
0.748738313119
0.748783010505
0.748828404365
0.748864877284
0.748902965414
0.748938532084
0.748814505711
0.748851313852
0.748889312369
0.74899377188
0.749091624908
0.749114976105
0.749140245677
0.749161388437
0.749182007624
0.749200438433
0.749219249224
0.749236703107
0.749253825074
0.749270074254
0.749283951853
0.749298757672
0.749313631801
