0.166666666667
0.875450794048
0.96410654495
0.978528896638
0.984695292341
0.988115712603
0.990260514588
0.991799870169
0.992899173515
0.99374826697
0.994407679089
0.994927941463
0.995377087277
0.995750569016
0.996077593644
0.996344110799
0.996573765031
0.996783956435
0.996967394233
0.997136482679
0.997284050136
0.997419514278
0.997539186864
0.997649163645
0.997747740135
0.997836303572
0.997922225624
0.998001779334
0.998076173529
0.998142398577
0.998205802796
0.998264615635
0.998319378977
0.998370903799
0.998419894879
0.998466812977
0.998509581587
0.998551081328
0.99858997951
0.998625995066
0.99866071385
0.998694583186
0.998725509822
0.998756310125
0.998785322289
0.998812891982
0.998839056659
0.998864586689
0.998888974626
0.998911357306
