0.125
0.508033491984
0.596696988325
0.787799346901
0.828237734851
0.846062083237
0.853498283329
0.857652592594
0.860359458105
0.862308790783
0.86401077724
0.865175699422
0.866150491373
0.866906831381
0.867585461739
0.868142033691
0.868599254538
0.869018097329
0.869381366076
0.869704239112
0.869986931416
0.87021656655
0.870434224713
0.870644908955
0.870846818754
0.870782033536
0.870966597608
0.871135830113
0.871295832232
0.871486615715
0.871673432284
0.871788932501
0.871956019016
0.87205165758
0.872141792567
0.872233226694
0.872313780888
0.872391541017
0.872464723846
0.87253268824
0.872599950989
0.872662933174
0.87272375387
0.872780753574
0.872833096579
0.872884836523
0.872933104254
0.87297886865
0.873022327381
0.873064972681
