0.25
0.659690130283
0.907300242457
0.96435173982
0.9767531598
0.982521513181
0.987008180726
0.989134476334
0.990692060547
0.991847153454
0.992733436087
0.993463744841
0.994056728709
0.994540613356
0.994959728159
0.995324614437
0.995639436407
0.995912577323
0.996151407255
0.99636716199
0.996557836041
0.996731213381
0.996890489833
0.997029920849
0.997160099472
0.997278984483
0.997486845284
0.997583615232
0.997673754362
0.997756628258
0.997834806739
0.997906899733
0.997974583323
0.998037886393
0.998097053563
0.998153392163
0.998206468863
0.998256627875
0.998303919734
0.998349092753
0.998391442006
0.998431529366
0.998469540895
0.998506226421
0.998541079128
0.998574215179
0.998605529736
0.998635767482
0.998664894219
0.998693243129
