0.166666666667
0.493445973928
0.616824808283
0.638689712632
0.649124989054
0.653367686131
0.656415770091
0.657873347889
0.659388151907
0.660240298133
0.66088677344
0.661476961929
0.661937485179
0.662185851246
0.662531117914
0.662864953269
0.663131034545
0.663432690764
0.663718313658
0.663893892156
0.664033241558
0.664159831655
0.664342324948
0.664451151852
0.664558662634
0.66464836049
0.664739279816
0.664809574188
0.664876712074
0.664992011889
0.665048668027
0.665095939458
0.665146205222
0.665194258456
0.665237567393
0.66527415649
0.665357949811
0.6653878722
0.665419624962
0.665452411534
0.665480617902
0.665513419673
0.665540266298
0.665511487645
0.665500778655
0.665529268609
0.66558220765
0.665635980403
0.66565615605
0.665675891801
