0.287053571429
0.887109294829
0.970898331897
0.983417434196
0.990200705015
0.992462234597
0.994480690066
0.995591505254
0.996188845559
0.9966656533
0.99701528783
0.997469001601
0.997687767419
0.997873356462
0.998038230045
0.998289114191
0.998518403335
0.998609393868
0.998689180089
0.998762935016
0.998825586915
0.998885549557
0.998938585076
0.998985679647
0.999028657014
0.999070005296
0.999107149046
0.999141823936
0.999173863196
0.999202489317
0.999230435546
0.999256494033
0.999280693874
0.999303570177
0.999325095076
0.999344230806
0.999363227411
0.999380810511
0.99939758421
0.9994131443
0.999427874185
0.999441654716
0.999455518511
0.999467803942
0.999480203569
0.999491592541
0.99950283298
0.99951335465
0.999523425721
0.999533099443
