0.126181520062
0.125024112654
0.134558256173
0.127092978395
0.132247474747
0.132788704351
0.131842732884
0.131149988129
0.127678433642
0.131648078002
0.133286861672
0.128423996914
0.127665185632
0.126153023288
0.127411265432
0.130013997296
0.139817958929
0.14948223555
0.155194874088
0.128391203704
0.152760038958
0.144534959639
0.133938469547
0.125800978535
0.129320110831
0.158212125338
0.173477082529
0.186568981751
0.176454722043
0.196212043845
0.203796977377
0.202019127911
0.203196692163
0.221511640921
0.210038637686
0.214452119232
0.210875096451
0.21264583717
0.228323272725
0.252533420724
0.233322730976
0.241947510027
0.219244813856
0.217070297166
0.229555252789
0.223670381791
0.212889563381
0.220397898621
0.221219804319
0.218689497519
