0.0714285714286
0.0842749295079
0.0954451312056
0.129183345422
0.154827008206
0.175982313885
0.199226238555
0.234473194676
0.284918696148
0.346098532648
0.3851970767
0.410002894914
0.432407558129
0.476670208889
0.512738823684
0.550137118978
0.580964439194
0.628913002092
0.650682631061
0.674971033974
0.691668834637
0.707401730818
0.719642979414
0.727327122318
0.734515615108
0.737918327265
0.7412463955
0.747633586092
0.750064390589
0.751840339905
0.753064605691
0.757934519193
0.761050288418
0.772629456228
0.769586383799
0.795146164215
0.794103026111
0.835795496976
0.853731661766
0.866180192753
0.874954717534
0.88250279956
0.887020080395
0.890657264516
0.89409351729
0.896676388385
0.899301320053
0.901113201152
0.902591396395
0.904164240678
