0.25
0.666283625347
0.718096836274
0.731698355282
0.849323286445
0.925545958693
0.953037481782
0.969725450736
0.975957568062
0.979819863997
0.983400867387
0.986096780102
0.988278897993
0.989394797181
0.990493352581
0.991378855231
0.99198015612
0.992540946574
0.993129487379
0.993801942734
0.994285385491
0.994707901666
0.995079689709
0.995321003215
0.995639048302
0.995945701057
0.996116194597
0.996373812638
0.996616454104
0.996738460723
0.996946369978
0.997137397428
0.997235109991
0.99732490772
0.997407387592
0.997483631114
0.997632654853
0.997701262532
0.997764125257
0.997824636075
0.997881586293
0.997935216891
0.997987141758
0.99803831765
0.998084706938
0.998131364749
0.998174784349
0.998215287739
0.998256757317
0.998295147761
