0.132118414256
0.421995188486
0.588684191971
0.658017608539
0.79037802365
0.850251815413
0.931159241801
0.952288981636
0.961589246742
0.968431705837
0.973065573875
0.976629127309
0.979245263813
0.981274377795
0.982925360541
0.984291758168
0.985589442183
0.986694401779
0.987579724339
0.988350780754
0.989039548312
0.989631009026
0.990158730961
0.990640125395
0.991083002469
0.991479379076
0.991849411294
0.992189577706
0.992496555188
0.992783043566
0.993045408303
0.993292015076
0.993525974277
0.99374047251
0.993937552663
0.994124666706
0.994301419102
0.994468463709
0.994625645362
0.994773098964
0.9949111445
0.995045378235
0.995171690032
0.995291795312
0.995406418587
0.995513942857
0.995618666112
0.995719310861
0.995813800916
0.995905053691
