0.100669421488
0.104001836547
0.101757787667
0.101883379247
0.0998719008264
0.105304443032
0.100402203857
0.102424242424
0.102199265381
0.100636822773
0.101183431953
0.101844352617
0.102261019284
0.107236206878
0.107021208589
0.104129039181
0.102592480752
0.103292452497
0.102138513002
0.10152813096
0.101424012856
0.100729634002
0.106427127651
0.10333439288
0.108882932336
0.105280411702
0.102601010101
0.102990128558
0.100578512397
0.102518012291
0.10277331177
0.101604683196
0.102479931684
0.104078282828
0.100023415978
0.106396343555
0.107150974026
0.101997835498
0.100698717949
0.10226981352
0.102716023875
0.102183195592
0.104912622731
0.101280991736
0.106307505626
0.105276453345
0.101879017447
0.101129312607
0.101011019284
0.103105159992
