0.0714285714286
0.0726712448372
0.0723302525375
0.0721255888268
0.0729363328913
0.0726076597742
0.0718570424201
0.0714531199385
0.0727927222338
0.0721386419151
0.073762539901
0.0723257203427
0.0719292785456
0.0722521275375
0.0721286173199
0.0775323970273
0.0719245188155
0.0722689171155
0.0727618626816
0.0724859014786
0.0720321006627
0.0740920601646
0.0730167242763
0.0718454911727
0.0714830168178
0.0729173626296
0.0745661349102
0.0739783665202
0.0728291546033
0.0723557838314
0.0723150341486
0.0713618433485
0.0723704938325
0.072741146227
0.0722900996956
0.0735278038524
0.0753069498175
0.0759125107136
0.0714065859028
0.0725358083462
0.0720367164723
0.0728544201659
0.0727185515686
0.0719386858978
0.0720750881647
0.0728357764124
0.0714531199385
0.0742773498426
0.0728993199733
0.0731589503361
