0.0833333333333
0.0953096120077
0.0891896169674
0.0893175672057
0.0907912509113
0.111569622596
0.121631674341
0.11339474198
0.0930349403396
0.109937833482
0.128244712653
0.122181149753
0.119893714811
0.144006155591
0.183323855846
0.202120199859
0.224179869659
0.250391169991
0.292660155566
0.318174282983
0.335907373389
0.345703046265
0.361830051417
0.351775863915
0.369197157175
0.367582506689
0.371063931899
0.375340318375
0.370474942298
0.363609685743
0.366116672021
0.364623308256
0.371125093833
0.367510718657
0.373442643443
0.388498379482
0.397276759107
0.407603508841
0.416247058014
0.42496362705
0.46611745406
0.500719051757
0.495224970792
0.50280607301
0.526199276162
0.54633518574
0.583361614994
0.601195106748
0.631575672443
0.650922113222
