0.166666666667
0.63492922401
0.756112501639
0.782441959682
0.800628862741
0.813311095713
0.812783420186
0.815906409001
0.81882946025
0.840600716214
0.836249676555
0.881375265832
0.923352264264
0.934175882259
0.951550755829
0.959937477733
0.968133710068
0.970366513134
0.974571424374
0.977958197149
0.979920141312
0.981627404738
0.98294317525
0.984060465559
0.984674373112
0.985478692019
0.986247329231
0.987031873963
0.987634809139
0.988221327385
0.98871574552
0.989185658926
0.989581344128
0.989938762294
0.990414928954
0.990791639617
0.991160207867
0.991510206818
0.99175303894
0.992045496802
0.992339042478
0.992618414965
0.992807905801
0.992992247225
0.993164810938
0.993313176849
0.993573035392
0.99371159652
0.993885333879
0.994027131402
