0.166666666667
0.168154761905
0.171513605442
0.185597363946
0.238626904306
0.249864312646
0.233425116078
0.23958610264
0.252645191849
0.287662634498
0.270303768829
0.280605467691
0.308205803711
0.278864795109
0.284545676885
0.291399839416
0.297343835208
0.298003997744
0.289118714572
0.284457058118
0.288473401265
0.280842575634
0.282352358797
0.284249010108
0.319991923349
0.3319634449
0.36843724239
0.383578622612
0.410401342025
0.44887063617
0.484489766331
0.54293441606
0.581689252141
0.614350779252
0.716522897359
0.759041227448
0.775312097512
0.787553648606
0.793355069117
0.80081473102
0.829213606825
0.877708159788
0.926462615868
0.949409480316
0.959273188843
0.966240466264
0.971319807682
0.974250758835
0.976620280642
0.978756645834
