0.25
0.610947311455
0.939187563985
0.968305079277
0.978503375375
0.98377027411
0.986988816041
0.989120657012
0.990661671542
0.991809996478
0.992970483256
0.993675033215
0.99425311223
0.994735935009
0.995140604105
0.99549213111
0.995791309629
0.996055572739
0.996287825802
0.996496484525
0.996811650628
0.996970008726
0.997113345406
0.997246088961
0.99736684738
0.997475668107
0.997577795134
0.997671846548
0.99775883426
0.997839163934
0.997914362705
0.997984298997
0.99804990472
0.99811127579
0.998169022766
0.998223211353
0.998274130999
0.998322226839
0.998366974962
0.998410148192
0.998451003383
0.998489653846
0.998526398853
0.99856166383
0.998595424221
0.998627537693
0.998658136584
0.99868764682
0.998715741221
0.998742517879
