0.1
0.163060861768
0.242650191582
0.485083595646
0.596946706459
0.646299099658
0.695101346165
0.745561926005
0.759778054857
0.767993746121
0.774145141265
0.778401005792
0.781295302144
0.783391157136
0.784927741418
0.786391409145
0.787541657851
0.788388682839
0.789141556735
0.789862827915
0.79045845749
0.791086546021
0.791574457481
0.791733102485
0.792180137951
0.792638328035
0.7929680303
0.793261697883
0.793539115773
0.793800619416
0.794088409481
0.79428976441
0.794481997313
0.794670197183
0.794842591984
0.795006579234
0.795174991213
0.795323293239
0.795467944503
0.795597212775
0.795724992409
0.795845416863
0.795953213366
0.796056556828
0.796144049349
0.796241113924
0.796365206404
0.796457090888
0.796546503912
0.796629464648
