0.125
0.20818007706
0.293709179894
0.357712583137
0.448883735928
0.486844170974
0.518118792483
0.609143644898
0.666372459266
0.722960707694
0.788578709073
0.812770018608
0.824368229102
0.83285207822
0.838532010846
0.842939530416
0.846560060979
0.84934975235
0.851454533198
0.853215074211
0.85485058037
0.85627861114
0.857547819889
0.858621702729
0.859667899442
0.86046240354
0.861258289529
0.861946398828
0.862552651416
0.863085166494
0.863568972212
0.864034025622
0.864475617651
0.864838581801
0.86519676682
0.865540628931
0.865877474631
0.866172282303
0.866421926993
0.866672427656
0.866920512396
0.86716920104
0.867379794536
0.867591039861
0.867793232946
0.867975244211
0.868128234578
0.868304442086
0.868467069163
0.868616454933
