0.25
0.328900462963
0.692937591703
0.816008550714
0.926108621855
0.956286592354
0.968055753542
0.974795822365
0.979109223334
0.982197210605
0.984465313493
0.986271803044
0.987644287541
0.988789418841
0.989729835175
0.990545318585
0.991215547548
0.991810410574
0.992335056035
0.992787160011
0.993191331207
0.993547955321
0.993873793244
0.994169395258
0.994439357066
0.99468312671
0.994904684547
0.99511182071
0.99530161933
0.995479140965
0.995641745022
0.9957944337
0.99593463029
0.996068276917
0.99619260874
0.99631042623
0.996419671074
0.996524015208
0.996621839815
0.996713605443
0.996801266624
0.996884154981
0.996962555697
0.997037160392
0.997108268319
0.997175208922
0.997240285577
0.997302478959
0.997361505227
0.99741691348
