0.0714285714286
0.0817240094921
0.0919271693836
0.111270807384
0.132320087704
0.142175227922
0.165005258267
0.179608785824
0.206540045251
0.226599240797
0.273115787744
0.324274185734
0.349906000088
0.386441842761
0.410494801834
0.440737542324
0.476682567319
0.520339187377
0.549311103856
0.572389744806
0.605574650186
0.637378644565
0.661461986459
0.685703854931
0.710511498011
0.733299462756
0.764886822573
0.783463825977
0.794590761473
0.80516964127
0.810744495286
0.816086295994
0.826682812871
0.846734897876
0.853053155985
0.861967216782
0.874309944328
0.881042777539
0.885107150001
0.888738428277
0.891799583765
0.894287996281
0.896480084138
0.898557665061
0.900264170823
0.901824000878
0.903192184387
0.904355745574
0.905377386861
0.906431259286
