0.125
0.315576190476
0.441085431933
0.626150599697
0.712224289422
0.796174257157
0.837332009562
0.848206285888
0.854212981004
0.857861703444
0.860442129303
0.862249192124
0.863576338014
0.864880331503
0.865878945711
0.866793355101
0.867509374562
0.868013669891
0.868477746198
0.868913772253
0.869256671979
0.869684193657
0.869937175267
0.870191643851
0.870241577139
0.870486631775
0.870674564637
0.870852714513
0.871018551276
0.871167538291
0.871307899495
0.87143671261
0.87156123322
0.871667590334
0.871781167014
0.87188706537
0.871978874811
0.872062433684
0.87215032314
0.872224715163
0.872300302415
0.872371861683
0.872441992796
0.872543595719
0.872606527804
0.872701000613
0.872756153641
0.872807071296
0.872858071402
0.872901993887
