0.166666666667
0.167009755291
0.174520502646
0.183494268078
0.178443287037
0.166666666667
0.223629148629
0.17144510582
0.188899636243
0.179307208995
0.166666666667
0.186263227513
0.168766534392
0.175099206349
0.180034722222
0.166666666667
0.175925925926
0.166666666667
0.168634259259
0.168887786596
0.224669312169
0.178189300412
0.172296075838
0.184565696649
0.173073467813
0.170882936508
0.181437389771
0.192699462501
0.170607363316
0.172251616696
0.170535714286
0.170882936508
0.188403573878
0.176639660494
0.174478174603
0.235096214412
0.225661375661
0.190662005543
0.17164824263
0.171759259259
0.188234126984
0.175144557823
0.228493630388
0.287330800775
0.330579404197
0.325727344059
0.365223977812
0.377184347976
0.386630952801
0.422561681364
