0.1
0.102616797344
0.101834940312
0.102193314261
0.101098325917
0.102431023522
0.102570838253
0.103723140496
0.110989598425
0.107555129214
0.101067846295
0.104476149336
0.101965017306
0.101036730946
0.102359080314
0.1
0.10293503214
0.104062704972
0.10309588896
0.103019919474
0.101761937557
0.100945433355
0.10389243837
0.102057162534
0.104085169881
0.102919367346
0.103011402351
0.102920110193
0.106341279932
0.105215958284
0.10132369146
0.101783690336
0.101169651056
0.101289256198
0.102297626616
0.103168732782
0.101363636364
0.101281221304
0.100950413223
0.103136134068
0.101055096419
0.101674931129
0.103077364555
0.10254932189
0.100807162534
0.100538390902
0.104142751188
0.10132231405
0.100008264463
0.104323391255
