0.179526748971
0.411971904736
0.706431385116
0.836493583465
0.900978215253
0.932688975426
0.947497243105
0.958458193406
0.966495716915
0.972463395208
0.976502464404
0.979567763188
0.98173122599
0.983582152457
0.985162783294
0.986695482887
0.988109983634
0.989150382701
0.989843584915
0.990536478844
0.99107832118
0.991549954965
0.991985690355
0.992361068461
0.992703525345
0.993080439558
0.993365824333
0.993628937263
0.993935018699
0.994284975829
0.99447820526
0.9948562123
0.995034990066
0.995194758156
0.995399638936
0.995632650002
0.9957613554
0.995926762966
0.996037886033
0.996142482636
0.996287206459
0.996380268198
0.996512689439
0.996597730439
0.996678567522
0.996796722246
0.996870798986
0.99694088192
0.997006868038
0.997073315376
