0.1
0.101374458874
0.101208513709
0.103269119769
0.101560185185
0.101986961451
0.100980759981
0.101502765753
0.101152958153
0.10257009657
0.100865319865
0.10205964406
0.101724266474
0.101253246753
0.105095117845
0.102552669553
0.0998528138528
0.104917637257
0.102219336219
0.104126168144
0.102215127465
0.100069264069
0.101846320346
0.101196248196
0.102112502577
0.0996236772487
0.103354256854
0.101015873016
0.100991161616
0.10259992785
0.108080876795
0.099968975469
0.10830404384
0.105092188896
0.107857638861
0.100054112554
0.108589282033
0.101961519962
0.107613425926
0.103595959596
0.101044372294
0.104358407796
0.100978354978
0.105790952103
0.10168956229
0.1
0.1
0.101098124098
0.101234023913
0.10679159693
