0.0833333333333
0.0872309916793
0.0856125442648
0.0864213897979
0.0833625498959
0.0846175044092
0.0853513644002
0.0860947973512
0.0833333333333
0.0863042337884
0.0853051164843
0.093967875296
0.0872569959252
0.0838429166182
0.0841546020117
0.08389835932
0.0869627231234
0.0832408699472
0.0850349076681
0.0849843303978
0.0858317049856
0.0831721424834
0.084012651535
0.0832297662655
0.0848906355124
0.0882808810189
0.0839650535122
0.0846012512148
0.0856874595076
0.083815428697
0.0846333725798
0.0862440156924
0.0977288260839
0.0867214365142
0.0848282421943
0.0854397161795
0.0853482982699
0.0846526453988
0.0855228423787
0.0870407517233
0.0850111879688
0.0854274732889
0.085635883627
0.0878884875413
0.083872467553
0.0851291014981
0.0840644350689
0.0848567382794
0.0832686039159
0.08996952378
