0.166666666667
0.771890020708
0.928345280454
0.961420140627
0.975589501902
0.981858182713
0.985934793232
0.98824793588
0.989923596778
0.991139405483
0.992176560544
0.993180863363
0.993807994389
0.994322427034
0.995006812151
0.995356897319
0.995669881357
0.995943822979
0.996182794822
0.996397687333
0.996587529397
0.996847935803
0.99708245676
0.997213894796
0.997342582337
0.99745448764
0.997556029637
0.997650464567
0.997736832561
0.997815861479
0.99789484201
0.998020337206
0.998085249463
0.998144741204
0.998199730328
0.998252753218
0.998301333617
0.998348013337
0.99839491666
0.998437459955
0.998476412306
0.998514146929
0.998550365574
0.998585077539
0.998618099821
0.998648521157
0.998679478387
0.998708482844
0.998735742344
0.99876197703
