0.25
0.711787219
0.731794885524
0.737962569505
0.741219544039
0.742941318177
0.74409798132
0.744989807649
0.745284849877
0.745763861648
0.745781879032
0.746202339311
0.746018675601
0.74635974597
0.746244034585
0.746336640244
0.746675953215
0.746933897929
0.747096670971
0.74726597577
0.747269557166
0.747462881491
0.747677022984
0.747783468027
0.747734205779
0.747841390373
0.747924916827
0.748007733604
0.748088710954
0.748064625909
0.748466863499
0.748080562767
0.748169039492
0.748238981595
0.748293283037
0.748369076589
0.748478469077
0.748470285121
0.748508089424
0.74854864462
0.748610967432
0.748650033845
0.748686040907
0.748717114855
0.748744697544
0.748793428317
0.748761421377
0.748790744557
0.748813670107
0.748854482015
