0.0717022999676
0.0728491709184
0.0734233782799
0.0732786899482
0.0725170068027
0.0723974034058
0.0723881397797
0.0746787048153
0.0728085688641
0.0726055947589
0.0719667066173
0.0724945335277
0.0727221513605
0.0718819670725
0.0747383119915
0.0728809857276
0.0732910440962
0.07222303207
0.0722278911565
0.0741925207583
0.0726370791372
0.0738219246032
0.0733512005993
0.0740332257144
0.072828860711
0.0745702745384
0.0757758489779
0.0748033698128
0.0722698007775
0.0750179744517
0.0718903394691
0.0733959035003
0.072922835801
0.0728895620748
0.0728649376417
0.0724740029941
0.0731350218659
0.0721455144558
0.0738420541828
0.0739661979988
0.0744312437276
0.0727045877875
0.0732956079257
0.0727182539683
0.0724454738082
0.073578531903
0.0727302330707
0.0746041049826
0.0716620606576
0.0726729531098
