0.25
0.689323888499
0.789201364263
0.942544515144
0.967301675308
0.97790407223
0.983541234572
0.987378195173
0.989768063673
0.991086882687
0.992581211177
0.993512256348
0.99411956123
0.994778495815
0.99521638202
0.99569717287
0.995992550408
0.99625024459
0.996475230431
0.996675551184
0.996856221872
0.997110181961
0.997244575942
0.997367666489
0.997560836791
0.997663589957
0.997756748524
0.997844256509
0.997920403184
0.997994914836
0.998064829046
0.998131637872
0.998194979345
0.998249005327
0.998356629472
0.998403698423
0.998448751183
0.998492134713
0.998533008252
0.998573612833
0.998610536842
0.998646258276
0.998721686285
0.998752194186
0.99878227156
0.998850459984
0.998875482016
0.998900565582
0.998924540409
0.998947101763
