0.166666666667
0.383210192522
0.442356671919
0.47846372832
0.735493432434
0.790188738503
0.806439707736
0.813940045081
0.818286062041
0.821087953145
0.822881964382
0.82420717852
0.825364897412
0.826134156727
0.826810059396
0.826845029196
0.827320114394
0.8277856096
0.828139106374
0.828429520518
0.828723143092
0.828986807225
0.829199168707
0.829401799583
0.829603903485
0.829776379865
0.829932836576
0.829965353713
0.830090919765
0.830225241827
0.830334195204
0.830446783635
0.830544471857
0.830639841155
0.830721400505
0.830799632459
0.830877914301
0.830943779129
0.831019789999
0.831085162586
0.831142584318
0.831198544732
0.831251275678
0.831300231329
0.831348736962
0.831398178866
0.831442413444
0.831486228678
0.831525649023
0.831559386013
