0.258854166667
0.275115740741
0.454974312086
0.661389510958
0.706396326603
0.716723978244
0.72253412059
0.730778439948
0.73228484541
0.737206528208
0.740157050048
0.741424757233
0.742429328528
0.743191232995
0.743719004372
0.744079900859
0.744609194843
0.744977845936
0.745251224464
0.745529433419
0.74584344445
0.746142304994
0.746363226028
0.746538998826
0.746682752187
0.746786858243
0.746961355329
0.747093382494
0.747227068356
0.747334358434
0.747439417138
0.747559299412
0.747637608759
0.747729259182
0.747789652039
0.747857784545
0.747914691588
0.747978174664
0.748041305728
0.747907398256
0.74816026271
0.748214119695
0.748261538719
0.748305044588
0.748351569822
0.748386863852
0.748430839315
0.74846833871
0.748505386012
0.748532114154
