0.0833333333333
0.0852044590025
0.0876032456046
0.0844857091423
0.0848151390734
0.0851161963799
0.0854881852478
0.0844925577068
0.0840918467979
0.0848491722462
0.0837735981967
0.0844075795999
0.0834972096991
0.0849275813218
0.0854029974909
0.0844472621396
0.0847620976398
0.0850391150872
0.0832716962525
0.0842050577628
0.0839418772111
0.0839682931029
0.0844163848972
0.0842065253123
0.0841669014746
0.0861950060267
0.0843056897315
0.0850745515169
0.085396120973
0.0858184957086
0.0846142105757
0.0866378775376
0.0865382592879
0.0848475183411
0.0857586057105
0.0841541128286
0.0858982605205
0.0857571102077
0.0850990050853
0.0837325068094
0.0845646074011
0.084888209064
0.084097926646
0.0839836674315
0.0855828771351
0.0837574551517
0.0845386806925
0.0841357894243
0.0855908438326
0.0867064610196
