0.0714285714286
0.0724029827705
0.0722299326477
0.0736933960092
0.0730916639518
0.0736898491209
0.0723770697515
0.0723419278426
0.0717776158082
0.07245662253
0.0735888585758
0.0714263443473
0.0724450990714
0.072910255372
0.0724315383395
0.074157401206
0.0727964840337
0.0726725545129
0.0731802797779
0.0777213195451
0.0718600684321
0.0728481661624
0.0714904235504
0.0713115709247
0.0730253876104
0.0759032275729
0.0718771527984
0.0722236900713
0.072193279368
0.0731456490086
0.0739261503212
0.0731670994291
0.0811330148086
0.0731225048867
0.0718592670203
0.0723867225462
0.0730667415776
0.0719262903574
0.0727449409823
0.071923388403
0.0724574155059
0.0733801942607
0.0717039065406
0.0723730563654
0.0734420856862
0.0732002525713
0.0731712464252
0.074195781818
0.0719333537312
0.0719306770327
