0.1
0.174341886479
0.334576484913
0.505354715526
0.664744473374
0.777009328479
0.826371583126
0.852305101048
0.863759419638
0.870407241356
0.874471447291
0.878115540931
0.881041644657
0.883205454468
0.884911785766
0.886256152783
0.887436895746
0.888337399735
0.889159732233
0.889894035348
0.890506496734
0.891040840803
0.891635200642
0.892086016073
0.892473306167
0.892886590938
0.893199689773
0.893486935983
0.893749303473
0.894013466692
0.894297690122
0.894505155933
0.894708533785
0.894884245508
0.895054621851
0.895213622799
0.895367567458
0.895505217401
0.895637186754
0.895761390909
0.89588299467
0.895984426653
0.896090041847
0.896184448107
0.896277311265
0.896366891198
0.896444341963
0.896530446929
0.896604777369
0.896679638637
