0.0833333333333
0.0992735008325
0.184377812117
0.248658864248
0.394432110405
0.507066369953
0.611912914675
0.665790287435
0.686302600463
0.70014935945
0.709389206241
0.715140607861
0.719758723093
0.723441102698
0.72645647527
0.728961051831
0.730950779856
0.732488187333
0.733755848262
0.734963247912
0.735987704911
0.736776959796
0.737531583925
0.738135855782
0.738717486815
0.739232635063
0.739771941791
0.740218966167
0.740646571691
0.741008837908
0.741397309145
0.741765151692
0.742035730147
0.742359084376
0.742613183215
0.742877817357
0.743102451951
0.743359810465
0.743560003382
0.743747377748
0.743919832761
0.744089551791
0.744231140831
0.744387686679
0.744543504854
0.744679665951
0.744834801379
0.744958248794
0.745117979171
0.745232604695
