0.0833333333333
0.0859305316466
0.116273648909
0.120078332005
0.10959699929
0.110246317379
0.111303049592
0.0972867836861
0.0921489545783
0.10186325907
0.0989810171018
0.0967560062801
0.0965654207009
0.113083836698
0.108878732613
0.105848108788
0.131081985514
0.130078834773
0.186231822872
0.202140815368
0.236019877252
0.263635043116
0.309678733014
0.322575126876
0.341976579269
0.356734868339
0.374352211365
0.391410639061
0.419272922673
0.455556348306
0.502456807242
0.584321901666
0.614970751375
0.630520998176
0.643277820348
0.64431069607
0.650246782389
0.661262437868
0.67461185433
0.731608285224
0.754767122181
0.779142903922
0.793978034606
0.803924836423
0.807567156588
0.811283249291
0.837366572061
0.860825145405
0.877400568899
0.883432703056
