0.1
0.10235708331
0.117041601076
0.10794703676
0.1125679211
0.111652113759
0.121757625341
0.11695452266
0.126684190799
0.129493429734
0.153159865956
0.222916623645
0.247307455136
0.323534715588
0.380359326303
0.406562579657
0.430997368792
0.441922689966
0.509235365703
0.571660071905
0.609088268705
0.642485213665
0.659939568126
0.69513040472
0.733796183086
0.751661651408
0.761541763557
0.76651641413
0.770471791508
0.77452817684
0.776953605204
0.779068918221
0.780712239041
0.782473881425
0.783780853295
0.784897842424
0.78590003957
0.786861116261
0.787719938225
0.788367620767
0.788916982975
0.789409491616
0.789851286361
0.790247168765
0.790599800926
0.790987252281
0.791217848445
0.791560553329
0.791855236842
0.7922245625
