0.125
0.128749657242
0.127904040404
0.127864583333
0.14062464927
0.128743471035
0.128428030303
0.12650462963
0.140915835708
0.124643132716
0.138381145282
0.125067515432
0.130592069004
0.125009645062
0.132889222082
0.136251562341
0.129648919753
0.127037037037
0.133578843996
0.134838688335
0.125676031145
0.129521867985
0.129952300786
0.128405583614
0.124743265993
0.127736304012
0.129673032407
0.129289158951
0.127986900253
0.127801212886
0.126919367284
0.12466242284
0.128665123457
0.128954475309
0.12712191358
0.131070689534
0.126832561728
0.127989969136
0.131793806117
0.129096257716
0.127311847104
0.132435465769
0.147013888889
0.14075617284
0.135729557865
0.128647586981
0.130642361111
0.140722298535
0.130422716751
0.135826494108
