0.0833333333333
0.0857626624368
0.107433971272
0.109812904194
0.123358390263
0.136088310672
0.149939465657
0.156065869847
0.164767292848
0.175202707397
0.193905100783
0.195613195902
0.188062672208
0.191237091206
0.19601781116
0.196525626699
0.212624010323
0.220231999882
0.236181761856
0.25120646361
0.255497572164
0.281759143687
0.298313625138
0.30236012631
0.350613665663
0.354131122959
0.366918355246
0.412280089348
0.451963752944
0.483712883719
0.505685505407
0.524583223181
0.544175830736
0.550186637946
0.582738430367
0.59602169951
0.604804813776
0.619070590945
0.634456292028
0.640971049633
0.659702374875
0.675023780048
0.692118569109
0.699661239332
0.706150375745
0.711258286373
0.715279254537
0.721648189955
0.733329365958
0.740984740137
