0.1
0.128049357213
0.136891050909
0.149989502343
0.201595530798
0.249140004125
0.249889038253
0.26245297174
0.292063530387
0.259429325193
0.256738626392
0.280492864979
0.274121207314
0.27718972503
0.344996203828
0.421432708973
0.466729878684
0.490807418444
0.578911249989
0.640197523055
0.717847210059
0.748407436597
0.77003037232
0.778964417374
0.779780132779
0.780229179449
0.784319425557
0.78540311785
0.797678135898
0.792027071437
0.823847940215
0.851182621169
0.866447119736
0.874137501658
0.87833399489
0.881274580025
0.883628775686
0.885069694189
0.886093392831
0.887229728379
0.888124561778
0.888758590497
0.889349474451
0.8898467749
0.890356024909
0.890786307561
0.891209295056
0.891522079698
0.891865284994
0.89218041152
