0.0714285714286
0.0719484936832
0.0745866263172
0.0723680791761
0.0718748228458
0.0736674193487
0.0726750283447
0.0742693706801
0.0724140489529
0.0729529832766
0.072913098275
0.0726939838435
0.0721131205458
0.0729339771623
0.0716933916424
0.0735613307823
0.0730361866969
0.0737518741049
0.0741006723457
0.0749252121484
0.0733096363545
0.0738502055234
0.074897039348
0.0743123886459
0.0716589731131
0.0726624757046
0.0721806758418
0.0720222493759
0.0729528924665
0.0729562226676
0.0727134201895
0.0719314868805
0.0721956997085
0.0725240096038
0.0719489492225
0.0747166175936
0.074837685074
0.074616638322
0.0741579791639
0.0741280349383
0.073594635771
0.0725446369024
0.0724305555556
0.0758614679102
0.0722463405005
0.072781136264
0.0753014703781
0.0727866370638
0.0731842250789
0.072771909359
