0.0833333333333
0.0904559949713
0.128820067283
0.145714393658
0.185052057586
0.24213324417
0.285615224717
0.360569229212
0.45156532527
0.563542533559
0.63129602325
0.681130516486
0.706977001015
0.740868278355
0.760983506546
0.799384958034
0.837404086335
0.889490811636
0.918547883174
0.936272811917
0.944778554537
0.950870892815
0.95612768825
0.960592868474
0.964528218882
0.967191198798
0.969495642087
0.971300209394
0.973164397282
0.97464691975
0.976030941218
0.977310036659
0.978400913438
0.979388126791
0.980245221306
0.981070238675
0.981844566096
0.982590808473
0.983234060574
0.983846614236
0.984457976807
0.984968274864
0.985478282547
0.985981558597
0.98639139724
0.986785749823
0.987157689845
0.98750961114
0.987853392978
0.988168137525
