0.170535714286
0.175099206349
0.170138888889
0.176829805996
0.170052083333
0.166666666667
0.166666666667
0.180401234568
0.220587686023
0.209399222605
0.172982804233
0.167901234568
0.188277116402
0.221717372134
0.197752628098
0.181539351852
0.172828483245
0.186463844797
0.175368480726
0.170882936508
0.202691006384
0.17683531746
0.172800925926
0.214206098135
0.178968253968
0.194453630218
0.169097852104
0.188955026455
0.165520282187
0.17201140873
0.174107142857
0.176417824074
0.169345238095
0.166666666667
0.165972222222
0.165343915344
0.191586356765
0.183807319224
0.166666666667
0.176256613757
0.166033242001
0.165357142857
0.181349206349
0.1668191505
0.207575821995
0.27810187549
0.48907330559
0.664048568252
0.668907633905
0.774511104198
