0.166666666667
0.381150548779
0.706055033231
0.785057643662
0.803876464919
0.812270450191
0.817166757083
0.819910032885
0.821877461855
0.8233873428
0.824536506572
0.825472518479
0.826254731926
0.826892067896
0.827409805361
0.827831053687
0.828200494992
0.828540807506
0.828825397517
0.829072688703
0.829306484423
0.82949875741
0.829704728496
0.829867483564
0.829834719748
0.829970404818
0.829900987487
0.830117793865
0.83031359214
0.830410377444
0.830611131936
0.830702895539
0.830781613666
0.830859810549
0.830929740899
0.831002764243
0.831072810396
0.83113807349
0.831198618989
0.831257143116
0.831312991101
0.831361808159
0.831405753704
0.831452401057
0.831499393203
0.831540150329
0.831641477222
0.831679832637
0.831716629395
0.83175209829
