0.125
0.229133108607
0.322599549448
0.49877704673
0.631737491212
0.723013599085
0.781251372549
0.805514740033
0.822651429665
0.860344187664
0.844247639535
0.88006823969
0.929007404569
0.949040702918
0.958618103885
0.966492804036
0.970277866339
0.973936917465
0.976419339961
0.978555511071
0.980226380495
0.981563683521
0.982726729641
0.983803073527
0.984715408506
0.985589635425
0.986324333429
0.986966036092
0.987547261285
0.988083282089
0.988581019768
0.989028217574
0.989431190033
0.98980556316
0.990169812157
0.990504538182
0.990818248654
0.991099167451
0.991374738859
0.991634980774
0.991868921701
0.992093693204
0.992313632653
0.992523134767
0.992712001288
0.992896300417
0.99307189752
0.993236927786
0.993395227113
0.993546908033
