0.0714285714286
0.0746006864756
0.0833621299809
0.0848923398024
0.0820433537186
0.0851169031972
0.0845398676829
0.0834739171468
0.0786953273555
0.0865088399176
0.0903612644977
0.089658626865
0.0880785151829
0.078716788407
0.0922180242632
0.0901086165178
0.0847165470859
0.0882040583772
0.101393730335
0.105283257867
0.101502125345
0.0956611773151
0.101834603344
0.114864462457
0.125927241678
0.127421182755
0.134860415561
0.144763636968
0.145945844097
0.161446032458
0.166754159881
0.172061594963
0.172736569793
0.185645045213
0.191149724268
0.194808607375
0.205372325199
0.216527728876
0.206132409544
0.217982111466
0.227294684054
0.241866585882
0.253576751489
0.259275677999
0.291833446803
0.307986128689
0.322647931047
0.320313261133
0.327614338068
0.338522808028
