0.125
0.139554426332
0.414131532533
0.533593447559
0.61427769761
0.657152136896
0.688255019468
0.711602091745
0.721805305897
0.727176690126
0.731519397882
0.734156261423
0.736065564699
0.737438573411
0.739035842095
0.74019885651
0.740891616551
0.741566209275
0.741855208907
0.742454417741
0.742987120208
0.743494124528
0.74381889996
0.744091051853
0.744458782305
0.744725281546
0.744938505678
0.744995269938
0.745172179815
0.745376263673
0.745559246236
0.74578010349
0.745935167674
0.746057914251
0.746248813517
0.746383808505
0.746555910256
0.746584036743
0.746655300535
0.746833420006
0.746909746309
0.747035070466
0.747117109436
0.747188132214
0.747294992679
0.747359220063
0.747424535376
0.747491110012
0.747582452323
0.747634895396
