0.1
0.101801226551
0.101118583797
0.101476430976
0.109737665421
0.103133778259
0.100157986111
0.104117687075
0.100216450216
0.100941077441
0.101448051948
0.101930735931
0.102794372294
0.1
0.102184465997
0.101218253968
0.105144997859
0.100071969697
0.102520871985
0.103470663879
0.1
0.101961519962
0.102549732014
0.102196248196
0.105416185666
0.105328835979
0.102705768768
0.101412337662
0.103764430014
0.10237989788
0.106790824916
0.100093073593
0.102312409812
0.104310633811
0.102338001615
0.104493145743
0.10227008177
0.104736029513
0.102289321789
0.101047258297
0.104256433381
0.102636918637
0.1
0.10194380311
0.1
0.102732323232
0.103979166667
0.102358826359
0.103478234728
0.10438720759
