0.125
0.473843228339
0.621401767453
0.793326308825
0.935390533878
0.959970040223
0.971723453616
0.978339107719
0.981957998441
0.984863622481
0.9868750101
0.988585609721
0.989802399832
0.990730438896
0.991488541747
0.992147512606
0.99271950167
0.993218248933
0.993640664724
0.994024052314
0.994349815606
0.994666388089
0.995022468418
0.99525057811
0.99546728627
0.995662876013
0.995852826292
0.996018791077
0.996171292583
0.996315018132
0.9964484485
0.99657036282
0.996687499518
0.996796141846
0.996896003373
0.996992791288
0.997083203111
0.99716681335
0.997243809803
0.997320347097
0.99739324915
0.997460290409
0.997523507651
0.997585932598
0.997642450589
0.997697658235
0.997749251135
0.997800059058
0.997848333327
0.997893987403
