0.166666666667
0.492787022654
0.61455033621
0.635497454868
0.647045087565
0.650970921691
0.653509071524
0.656263684164
0.657722721939
0.659040766011
0.660312905497
0.661016199915
0.661621050975
0.662178800613
0.662558570692
0.662883452022
0.663271663827
0.663480985427
0.663674136989
0.663828713756
0.663984442398
0.664118374104
0.664319970541
0.664420664912
0.664542494188
0.664635105756
0.664715414005
0.664794838785
0.664863884701
0.66490042679
0.664872169021
0.664932865697
0.66498700574
0.665042990854
0.665093522085
0.665149238985
0.665235573345
0.665268221707
0.665305108451
0.665340449737
0.665378850148
0.665409451159
0.665445750832
0.665472778233
0.665500640784
0.66552324399
0.665548536828
0.665576796193
0.665598767745
0.665621991108
