0.166666666667
0.242844774321
0.483944902559
0.731107561704
0.777489551248
0.908208158673
0.946578492132
0.96195132912
0.970640503254
0.975576516463
0.979264829219
0.98189558318
0.983764617573
0.985321737689
0.986582758827
0.98773213881
0.988671572676
0.989455898355
0.99013563978
0.990752650081
0.99128625773
0.991771893761
0.992189565809
0.992577149011
0.992922422225
0.993234852254
0.993527322418
0.993795457528
0.994035639263
0.994264979932
0.994475747383
0.994670515324
0.994852056496
0.995021602268
0.995180343658
0.995329362546
0.995469257439
0.995599702627
0.99572492488
0.995842115489
0.995954868892
0.996059923554
0.996159703443
0.996254845918
0.996346230474
0.996432775458
0.996515950471
0.996594887595
0.996669979536
0.996742109915
