0.0878780864198
0.150353954096
0.239376156781
0.288594342457
0.410227664219
0.56119417918
0.689730443715
0.747864539957
0.788593730637
0.83538059255
0.856342073068
0.870962426911
0.878830221531
0.88449073262
0.889431817985
0.892607178628
0.895463830449
0.897272202875
0.898851531781
0.900233017691
0.90147813722
0.902411952402
0.903203556999
0.904117366302
0.904786787913
0.905420075727
0.905954417865
0.906474790433
0.906895756286
0.907325471559
0.907709877082
0.908043794152
0.908341738575
0.908649136694
0.908928091353
0.909169042242
0.909405256048
0.909636432296
0.909854388211
0.91005487085
0.91024880759
0.910410635649
0.910580707848
0.910739235285
0.910895575466
0.911033698076
0.911179509223
0.911314323988
0.911434756313
0.911559438727
