0.0833333333333
0.0974513353748
0.106575846625
0.102779888286
0.0892934226136
0.0988359640092
0.104963960569
0.0935669455288
0.104034664563
0.0850774790528
0.102949164788
0.101905976139
0.0941447380919
0.0913168020082
0.102470485868
0.134060996281
0.151171078088
0.151648920188
0.161347391073
0.205849257824
0.20963709181
0.20980283426
0.209932512275
0.217036776158
0.235377829169
0.241279820546
0.261489884398
0.251599936863
0.309676990381
0.365728415246
0.414044845691
0.43252849299
0.458598933266
0.498352372376
0.526774746842
0.566551121586
0.604647855692
0.644317323879
0.67339658909
0.69274008414
0.719051882339
0.72686306206
0.722185717058
0.724904351381
0.749208082405
0.831052184322
0.851323828274
0.867906409516
0.876484361975
0.8825114002
