0.166666666667
0.171981292517
0.174428745857
0.163117140796
0.192014676241
0.165721844293
0.171579743008
0.168249244142
0.184195090073
0.176683752205
0.166721781305
0.171175044092
0.177937610229
0.194394578819
0.173815822625
0.170936082766
0.181605656432
0.168827947846
0.180809476568
0.171406525573
0.166572184429
0.186856794
0.17302532124
0.208845112119
0.173611111111
0.181895366171
0.169359410431
0.172406462585
0.175689720333
0.17294973545
0.173042786138
0.191141502897
0.177473072562
0.188391282439
0.195298115685
0.175894431847
0.183428602923
0.176471823297
0.17966175359
0.170776643991
0.174461451247
0.171910430839
0.173847316704
0.173259427228
0.170564058957
0.17790414777
0.200079916226
0.176296768707
0.184281698791
0.170582430503
