0.135946377841
0.307646354346
0.498496439444
0.561210001922
0.582593128493
0.592604773285
0.599251183015
0.603944925688
0.607935923408
0.609044223011
0.611216517746
0.610693926515
0.665499707895
0.803934209644
0.835612468947
0.844647064791
0.849818480295
0.852792043397
0.855101820457
0.856881463319
0.858533820515
0.860053221542
0.860888656825
0.8616388665
0.862549504801
0.863342934311
0.86423736694
0.864839080952
0.865320958058
0.865900538858
0.866263337395
0.866662449566
0.867055935049
0.867362523763
0.867675899258
0.868066249315
0.868329999075
0.868562452324
0.868747277323
0.8689904139
0.869152735397
0.869310823365
0.869470486074
0.869618651735
0.869777099921
0.869903426438
0.870055586611
0.870183379619
0.870309691884
0.8704480095
