0.125
0.209334817793
0.319998533823
0.381074633534
0.441839964374
0.525171961981
0.658866447049
0.765024647163
0.809526215745
0.82478385162
0.835892491628
0.843019248971
0.847840911523
0.851398606175
0.854319787738
0.856526752812
0.858172535177
0.859759568325
0.866657501751
0.862297910298
0.863165105617
0.88041614786
0.880576946403
0.884781819663
0.903374229621
0.931349634775
0.949161203957
0.954464595664
0.963319614062
0.969620710334
0.974495063066
0.976789509112
0.979098398982
0.980643977487
0.982439755629
0.983802394836
0.984581283827
0.985559066282
0.98623479531
0.987082123901
0.987511318337
0.98802253662
0.98865946302
0.98914345188
0.989699934556
0.990033474284
0.990314098993
0.990611323775
0.990899896845
0.991127183744
