0.0714285714286
0.0730517490975
0.0726319819843
0.0737363384933
0.0727410942055
0.0724586302775
0.0718874851528
0.0721753229924
0.0732020529359
0.0739082842821
0.0737239911397
0.0717558427141
0.0722093040258
0.072920202252
0.0724879535147
0.0724913278804
0.0768265698034
0.0734895685705
0.0719532009232
0.0714039385596
0.072431882806
0.0718183751675
0.071823372206
0.0734852244469
0.0732284081374
0.071391622125
0.0727744793354
0.0729218814675
0.0729518950437
0.0743537604774
0.0720657064909
0.0731111879276
0.0736400275072
0.0744193965753
0.0734770088591
0.0718933375682
0.0723198468375
0.0719380162779
0.0713883321186
0.0757339819947
0.0730853062124
0.0738355097054
0.0717748235207
0.0721342421348
0.0718332654242
0.0766199702396
0.0743168988136
0.0728849007637
0.072649631642
0.0714469617212
