0.0714285714286
0.0814313468443
0.0998980011646
0.0969010705688
0.0959556403911
0.103484956626
0.103925769095
0.118717514305
0.147463347049
0.185322986138
0.198281020619
0.231571463879
0.239909361866
0.256429108479
0.262399027863
0.283670891126
0.294181272507
0.309259602354
0.330774952764
0.340232518572
0.356256935783
0.37473607266
0.388053536698
0.395113082756
0.404668703374
0.421461649189
0.434886680851
0.446480553634
0.455598023387
0.464482181277
0.466870874817
0.476656388257
0.481518460941
0.486878671221
0.486059750442
0.490926197162
0.501346393951
0.514896838263
0.532518479248
0.548820810733
0.562904230869
0.577451882375
0.599299707762
0.628588922842
0.660786820491
0.689338193329
0.707124381212
0.716882074798
0.733768375529
0.749073825987
