0.0714285714286
0.0724900793651
0.0755548490113
0.0721431102203
0.0724018818837
0.0726487857048
0.0726493930906
0.0734021361521
0.0726504331891
0.0717152575316
0.0729007227891
0.0728099573163
0.0728936470422
0.0719028102312
0.0723495023009
0.0728552254235
0.0732471278953
0.0727990362812
0.0721805403709
0.0728499614131
0.0731675552165
0.0723354892552
0.0723506843213
0.0721700376579
0.0735291427495
0.0740745709311
0.0735675617411
0.073748989179
0.0743746308047
0.0740515253721
0.0757843421459
0.0754330628886
0.0746405660478
0.075446328041
0.0744880523696
0.0734127780707
0.0724376417234
0.0726342114227
0.0733723072562
0.0735260254896
0.0716620353499
0.072461228539
0.072132050737
0.0727000577017
0.0727800867371
0.073390844433
0.0729846328412
0.0729152774048
0.0724111519608
0.0727713496113
