0.0714285714286
0.114930137984
0.160637528131
0.233627768971
0.294262905317
0.339532213158
0.480508010441
0.576378864997
0.641355601412
0.675484835758
0.700548766307
0.718674592861
0.729900173325
0.737569241588
0.744531465331
0.749590663691
0.75303179085
0.756665001389
0.759518528012
0.761631736424
0.762684166313
0.764741409594
0.765596927731
0.766810145018
0.767866229327
0.768755191332
0.769747120567
0.770513580164
0.771343633259
0.771966154683
0.772570867032
0.773131280497
0.773652194838
0.774181340236
0.774583682336
0.775129225096
0.775457517764
0.775810761912
0.776093613173
0.776287284949
0.776558706143
0.776835024429
0.777082744292
0.777251865493
0.777450689463
0.77766169358
0.77787250326
0.778077428752
0.778259792496
0.778441049477
