0.1
0.126651799589
0.422068408404
0.59430330439
0.742341129946
0.825884440778
0.850452847602
0.861988340427
0.869236188358
0.874672960552
0.878372877608
0.880945542613
0.883002954121
0.884615130697
0.885989547662
0.887124011883
0.888098004742
0.88892838752
0.889661181436
0.890333950508
0.890873690761
0.891373232452
0.891835263722
0.892228961977
0.892618999836
0.892969789109
0.89325449903
0.89352939609
0.893800990394
0.894038319306
0.894258147708
0.894471036937
0.89466175762
0.894845758405
0.895010705334
0.895174644948
0.895324200119
0.89546271171
0.895597095423
0.895724682452
0.895840111506
0.895944310656
0.896043256517
0.896142603674
0.896232171494
0.896327274863
0.896411933678
0.896496462447
0.896574469519
0.896649777484
