0.166666666667
0.196772924046
0.177414021164
0.181457133218
0.188359710275
0.189208553792
0.179274927564
0.195138888889
0.190315427518
0.196231733434
0.169713718821
0.166666666667
0.17996031746
0.178958018393
0.177638416478
0.171264802217
0.179444601915
0.184233014193
0.181547619048
0.167115457294
0.181382275132
0.174212361712
0.182920235996
0.191622574956
0.180220930965
0.208196879179
0.228046667385
0.226085794166
0.232852261275
0.317601960715
0.320441481868
0.365900288796
0.447576158849
0.462644900336
0.550003751804
0.62289601431
0.6732167698
0.718196697249
0.757637104786
0.785752733985
0.849237576966
0.919219536765
0.939586486166
0.951082264023
0.958364742851
0.963588612888
0.967380712078
0.970492786258
0.973526994099
0.975716604061
