0.125
0.182570901232
0.419716142062
0.638100356291
0.844295843412
0.924868442109
0.950029422803
0.962176616458
0.97028677373
0.975013282389
0.978561456904
0.981226334064
0.983221994476
0.985158889176
0.986492131305
0.98761328692
0.988580016463
0.989377575042
0.990095006513
0.990707017157
0.991259305747
0.991722806054
0.992169072943
0.992573791143
0.992925481636
0.993247980722
0.99353772055
0.993807558257
0.994057192261
0.994293064357
0.994502591062
0.994700172521
0.994880832277
0.995055782541
0.995219293812
0.995369815768
0.995514833507
0.995652923038
0.995781425241
0.995902764727
0.996015607235
0.996114767982
0.996213382685
0.996306260125
0.996395928701
0.9964768369
0.996559972561
0.996638264126
0.996711998008
0.996783379767
