0.0714285714286
0.0842123409338
0.161513998436
0.205478156584
0.240052937288
0.26832219401
0.335867735138
0.385688095462
0.445509978869
0.525830725733
0.561797380503
0.605387534623
0.634747372004
0.652928285346
0.663035669335
0.669593193108
0.67515401621
0.680059923409
0.683097854951
0.685793812342
0.688054129093
0.690043596346
0.692064413354
0.693734824328
0.695127054469
0.696365630272
0.697563518641
0.698536721275
0.699309081246
0.699915401857
0.700525044714
0.701125193723
0.701652924095
0.702185693658
0.702672258989
0.703100518226
0.703497655356
0.70374888172
0.704025797055
0.704369502256
0.704686748475
0.704971831472
0.705275098049
0.705513800528
0.705734537719
0.705777939902
0.706035214595
0.706247141167
0.706451621683
0.70665203708
