0.166666666667
0.176938234878
0.299491840429
0.45319818266
0.549146829024
0.683075192832
0.863543535007
0.921700312661
0.94685775338
0.959199907665
0.966859256218
0.972126366506
0.976555437948
0.979381428368
0.981422427202
0.983408439467
0.984995433418
0.986169758044
0.987401516147
0.98827850731
0.989031121543
0.98969986934
0.99029104621
0.990805324104
0.991282064418
0.991702552704
0.992098520212
0.99256576267
0.992888229747
0.993188426026
0.993458832025
0.993710637659
0.993938834398
0.994239078948
0.994432337269
0.994614814344
0.994859220433
0.995102577188
0.995330202662
0.995466533921
0.99559483317
0.995716887972
0.995830184859
0.995939569768
0.996043127807
0.996140804987
0.996234810244
0.996323861898
0.996409926201
0.996491154528
