0.183641975309
0.38300852695
0.705661794558
0.787258564173
0.804661668916
0.81202833212
0.81642224447
0.819125034696
0.821236037142
0.822539095397
0.823832862668
0.825116996806
0.825884977147
0.826533823643
0.827239620754
0.82768304789
0.828079029588
0.828397608467
0.828708996167
0.828982147768
0.829204541549
0.829411893418
0.829604536168
0.829784605648
0.829942816128
0.830086950325
0.830218549057
0.830327619244
0.830439674145
0.830544135991
0.830653038146
0.83074743821
0.83083121645
0.830913907625
0.83098772259
0.831127897665
0.831188111752
0.831249846351
0.831308865712
0.831369597734
0.831425735137
0.831469847312
0.831514980985
0.831557849817
0.831596923773
0.831637237515
0.831673292403
0.831709810206
0.831743473864
0.831777921903
