0.10371031746
0.118524759797
0.111572660144
0.11240611571
0.151312401296
0.166699699367
0.234308423267
0.310850659716
0.41660014103
0.462724988162
0.467965777512
0.508088168783
0.539480225799
0.539649110731
0.620561817534
0.659785960721
0.675422685751
0.677234466987
0.695737330325
0.716046000506
0.737165600831
0.755902456933
0.767289610457
0.771302262136
0.774654710487
0.778365568457
0.780811644457
0.782499144896
0.78388738275
0.784962073689
0.785846140563
0.786944514014
0.787690188287
0.788358327215
0.788980755196
0.789519830366
0.790062525288
0.790339495473
0.790774072504
0.791217802381
0.791559883906
0.791863205639
0.792185092365
0.792418373795
0.792697621558
0.792878413639
0.793100881658
0.793323360835
0.793488485881
0.793590922236
