0.125
0.130477167508
0.129169188161
0.124495701058
0.129536706349
0.131028935185
0.143015068843
0.133452215608
0.13566224667
0.125
0.127538029101
0.126934358466
0.126229497354
0.13309220679
0.129623842593
0.141585211168
0.125
0.125
0.12880787037
0.125161458333
0.128343329125
0.125089699074
0.130236111111
0.130554005456
0.12532462522
0.126730324074
0.125
0.13519367785
0.130441618567
0.128181423611
0.125152943122
0.126613756614
0.125
0.125
0.125
0.127289351852
0.136078869048
0.124638310185
0.124780092593
0.12708912037
0.131175292108
0.12826223545
0.126999421296
0.138060378086
0.125
0.137318638393
0.12697337963
0.128631102694
0.134421757255
0.128086805556
