0.0714285714286
0.0870789276035
0.1360018094
0.240426595164
0.329532883272
0.383414116563
0.494214550573
0.572789674327
0.622805252319
0.646892697109
0.66053275328
0.66850457598
0.674325840475
0.697977511018
0.728775099059
0.737502998237
0.746505161335
0.754143433522
0.756316028497
0.758827181591
0.761561123466
0.763619488227
0.765327886521
0.767258667282
0.768501738726
0.769328931671
0.777970759156
0.7860414673
0.790796053972
0.807643362999
0.821170718387
0.82673694661
0.831369458516
0.833866298133
0.836095638078
0.838550313072
0.840079423648
0.841426317326
0.84245960516
0.843251428726
0.844054841573
0.844669238731
0.845225414313
0.845575601544
0.84605554976
0.846552389913
0.847038371922
0.847364598674
0.847768276359
0.848093360107
