0.275829081633
0.712156294461
0.751461656236
0.958888571966
0.977329902707
0.984311003148
0.987361085062
0.99007183148
0.991767108094
0.992735624842
0.993555068428
0.99452112644
0.995156217441
0.995556848776
0.995907127752
0.996197481642
0.996564202731
0.996873734419
0.997153386929
0.997312460681
0.997447544914
0.997573080506
0.99768781486
0.997794617606
0.997891997841
0.998052158015
0.99819478481
0.998262659895
0.99832782704
0.998387784145
0.99844327251
0.99849664462
0.998544937539
0.998590366002
0.998632588291
0.998673208231
0.998711347321
0.998746603971
0.998779738373
0.998812540857
0.998842965095
0.998871642554
0.998898752784
0.998924803472
0.998949857338
0.998973604947
0.998996656067
0.999018867052
0.999040189177
0.99906027806
