0.0714285714286
0.0902192665269
0.146180513811
0.153139120381
0.165332710504
0.243612354724
0.315287323016
0.403706595202
0.456068695811
0.508082939079
0.543288585039
0.644327352603
0.679179040585
0.706800410607
0.726735200023
0.737740816325
0.744252660688
0.748712110528
0.753038053477
0.756220507699
0.75926612767
0.761447707057
0.76315032842
0.764945689587
0.766402092599
0.767460819816
0.768571792814
0.769504259282
0.770332304066
0.771199170955
0.771984738898
0.772551541115
0.773081549493
0.773588879901
0.774108281927
0.774517758001
0.774955954977
0.774891262342
0.775252937832
0.775586318422
0.775884377904
0.776175538121
0.776512049753
0.776775096612
0.777075286899
0.777339276177
0.777550165754
0.777755336402
0.777952903835
0.778173782812
