0.125
0.129943507496
0.132563657407
0.126557291667
0.130520006614
0.127963541667
0.128587796912
0.126448412698
0.126557291667
0.130905340608
0.137791418651
0.146446747986
0.131021618717
0.124973958333
0.127592179233
0.132337962963
0.12708912037
0.127177083333
0.129855324074
0.12718287037
0.124349537037
0.131657986111
0.126796875
0.130317873677
0.125
0.129178240741
0.126075562169
0.128015707672
0.129692193223
0.133663056658
0.124910300926
0.139483173077
0.132951884921
0.129283553005
0.127538194444
0.129357638889
0.126421957672
0.128410218254
0.128924242424
0.131141699735
0.141404504061
0.128286458333
0.131609871032
0.126663359788
0.129514384921
0.127575231481
0.126066881614
0.133561177249
0.138948018128
0.144348293931
