0.0833333333333
0.141794034277
0.190277333113
0.21579625273
0.261399872081
0.319897645968
0.332133457682
0.356715564055
0.397550672619
0.428251187801
0.504714173429
0.641468956207
0.726824786805
0.818085924515
0.85192891857
0.867440131691
0.877455396923
0.883121295106
0.887488113987
0.891259218104
0.893870436913
0.896135117763
0.897728530162
0.899246667603
0.900568582214
0.901667008822
0.902617036988
0.903487924275
0.904286508667
0.904904939495
0.905499118004
0.906063586224
0.906537693062
0.906948470956
0.907350771728
0.907737028052
0.908084445295
0.908385928791
0.908687244687
0.908957923732
0.909195930225
0.909459008681
0.909684151909
0.909901571689
0.910021020507
0.910165007226
0.910345575886
0.910505630184
0.910659542503
0.910826909307
