0.275829081633
0.884229637946
0.967861088564
0.981076267834
0.986558947919
0.989552300499
0.991448817181
0.992803114694
0.993749977711
0.994478706174
0.995056069771
0.995524922728
0.99605908094
0.996370878999
0.996644320651
0.996880213834
0.99708208039
0.997260348235
0.99741695633
0.997557959648
0.997682530904
0.997796041204
0.997897791866
0.998064298852
0.998146975772
0.998223219101
0.998293417248
0.998357986741
0.99841579073
0.998471108745
0.998523415947
0.99857178794
0.998617073242
0.998659971648
0.998699712459
0.998738475423
0.998773943689
0.998807281292
0.99883901189
0.998869033159
0.998898126026
0.998925278223
0.998951271145
0.998975608962
0.998999360989
0.999021879575
0.999043502673
0.99906421503
0.999084196153
0.999103301407
