0.125
0.127611181257
0.126109182099
0.128689236111
0.126895342312
0.127595486111
0.12543595679
0.130381155303
0.130692603114
0.134906355219
0.132933973819
0.127315365961
0.124903549383
0.13069058642
0.131581641738
0.12706404321
0.136533038721
0.125636574074
0.131283908029
0.142403198653
0.125
0.126587051066
0.126138117284
0.127594521605
0.137330246914
0.137920800265
0.141116040946
0.131042368126
0.128456790123
0.12581404321
0.127614776235
0.124710648148
0.131970486111
0.141318742985
0.128828125
0.135084586517
0.134879298942
0.128410493827
0.134394425019
0.126520061728
0.127036861672
0.128158319304
0.140413765177
0.130873444036
0.127454309509
0.128005751964
0.130347222222
0.127037037037
0.125069444444
0.12444058642
