0.125
0.377869983792
0.574087203287
0.66400580676
0.697181045265
0.713527950729
0.72383646334
0.729839252739
0.732789981327
0.73541110987
0.737355155508
0.738842264531
0.740083067752
0.741018126321
0.741629356578
0.742308519488
0.742818044761
0.743287667506
0.743682667157
0.744134066001
0.744478772803
0.744953682713
0.745207537322
0.74542221787
0.745637419436
0.745821041152
0.746002199432
0.746156575553
0.746289561959
0.74641925443
0.746545368723
0.746672093374
0.746792068757
0.746893629597
0.746987465995
0.747074761027
0.747159037731
0.747244961225
0.74733244926
0.747410048947
0.747478825188
0.747535434058
0.747605600435
0.747666480717
0.747727026084
0.7478140079
0.747860577579
0.747911115604
0.747953688179
0.747995337185
