0.0833333333333
0.187448270691
0.250747748208
0.399612556212
0.546933541426
0.635923025632
0.719243572279
0.761102754097
0.780333838644
0.791111053694
0.798489052551
0.802846439783
0.806565112867
0.809393798829
0.811863673374
0.813862409377
0.81550313965
0.816825118432
0.817987898177
0.819013725576
0.819874306293
0.820638286512
0.821320505919
0.821926150658
0.822480214125
0.822971902365
0.823468007124
0.823886519337
0.824307466556
0.824688623652
0.825024742789
0.825336506153
0.825645941659
0.825929189158
0.826174986928
0.826397734681
0.826655950938
0.826767889377
0.826940081909
0.827110254343
0.827284185079
0.827451516513
0.827605492248
0.827742323212
0.827889737971
0.828080259062
0.828202159817
0.828322716002
0.828428840126
0.828541965793
