0.25
0.630242392074
0.90930483546
0.963595383953
0.976283903393
0.982270440826
0.985824089021
0.988231532692
0.990260910355
0.991793547152
0.992707550193
0.993454200286
0.994056929001
0.994552807428
0.994969804596
0.995329475932
0.995641055353
0.995911919955
0.996159300385
0.996372922802
0.99656487552
0.996732691902
0.996890053462
0.997030488039
0.997158152382
0.997278939408
0.997387207104
0.997489543805
0.997582688049
0.997669086651
0.997749779588
0.997824486254
0.997973061018
0.998036102477
0.998095704321
0.998151309521
0.998203935604
0.998254223119
0.998301391444
0.998346655712
0.998389452847
0.998430072248
0.99846820794
0.998504633448
0.998539503907
0.998572944576
0.998604481656
0.998688760993
0.998716697412
0.998743381611
