0.166666666667
0.169334215168
0.174782297178
0.178490961199
0.275837531864
0.184848985891
0.175
0.171875
0.180998441043
0.166666666667
0.175491937516
0.173300579491
0.214815405329
0.185072659465
0.170089285714
0.167515432099
0.179513888889
0.222937130477
0.178394274376
0.177276234568
0.24115648883
0.247261268144
0.166113945578
0.166666666667
0.172964065256
0.173726851852
0.233575537117
0.177035383598
0.179638723545
0.187351190476
0.206050656795
0.188173868313
0.190776014109
0.170932539683
0.185519770408
0.171538800705
0.175198412698
0.166666666667
0.173272156085
0.195878212396
0.312264481216
0.366051003095
0.426889515144
0.431902251896
0.393016259904
0.40125751556
0.418320663765
0.484602041248
0.55469590204
0.683846581131
