0.25
0.645364777501
0.90572930623
0.960462794674
0.974682782442
0.982583412455
0.985980254262
0.989249355622
0.990767089425
0.99197501482
0.992866949909
0.993589967694
0.994179045852
0.994886290129
0.995284643602
0.995631507259
0.995929893832
0.996187886096
0.996416210489
0.996615334322
0.99679452679
0.996956857466
0.997104491249
0.997236293554
0.997357916013
0.997470891079
0.997572604631
0.99766671679
0.997753663007
0.997834438382
0.997910055363
0.997980549365
0.998046499972
0.998108254699
0.998165654326
0.998220268659
0.998271537266
0.998319988007
0.998365476466
0.998408457004
0.99844932262
0.99848816411
0.998525405714
0.998560780337
0.998594203082
0.998626411165
0.998657006238
0.99868637623
0.998714329985
0.998741266024
