0.166666666667
0.528038062441
0.708068736127
0.768119181506
0.792427476927
0.803953117569
0.811330044364
0.815359778387
0.817923401217
0.820102017643
0.821372230898
0.822545538129
0.82351009411
0.823951708049
0.824665361718
0.825235260256
0.825896031536
0.826335650733
0.826656977499
0.827095047614
0.827511408051
0.827784081074
0.828044016467
0.828411964385
0.828628362958
0.828838978823
0.829027304491
0.829199501592
0.82918905574
0.829241002713
0.829403347823
0.829539056772
0.829665804276
0.829777958748
0.829879007684
0.829979876361
0.830081676242
0.830181392781
0.83031750576
0.830436118962
0.830512599009
0.830588839237
0.830656512487
0.830722528505
0.83078675114
0.830844829321
0.830945076436
0.831000726602
0.831050182893
0.831102823347
