0.125
0.126730324074
0.125
0.129354497354
0.132366843034
0.126283179012
0.125
0.131262776575
0.129361704846
0.129250841751
0.125
0.127721891534
0.130123106061
0.133434568903
0.126999421296
0.127363095238
0.124615162037
0.129273313492
0.133370122354
0.136611044154
0.124930831129
0.128499710648
0.126912615741
0.128939814815
0.126295469577
0.127062885802
0.128023726852
0.126999421296
0.126737268519
0.125
0.126487268519
0.12708912037
0.133048363095
0.124675925926
0.125317708333
0.127713541667
0.127958333333
0.127212301587
0.127883101852
0.131812686012
0.134034970238
0.124730902778
0.125266203704
0.124387194114
0.12649002425
0.127680638228
0.124982060185
0.129596560847
0.135070546737
0.127633928571
