0.125
0.155593046947
0.187999792388
0.268155917114
0.43873962963
0.519782048669
0.666055404472
0.839785228246
0.925581971116
0.953142963778
0.964828441986
0.972298417409
0.976904386286
0.980252014041
0.982586696272
0.984482267215
0.985980844946
0.987222421356
0.988261421504
0.989123864995
0.989899624836
0.990534425139
0.991121502642
0.991653561253
0.992114675273
0.992514459728
0.9928752202
0.993211758705
0.993509737464
0.993790643444
0.994051186792
0.994294267915
0.994510229651
0.994714832098
0.99489977876
0.995070689076
0.995238486789
0.995387191298
0.995529710632
0.99565940113
0.995787325829
0.995908960101
0.99602211908
0.996130914136
0.996227277664
0.996321772817
0.996407347167
0.996494938048
0.996577258748
0.996655141052
