0.1
0.09993001443
0.101132515633
0.101638167388
0.101089466089
0.105313492063
0.102023809524
0.100758297258
0.105335738336
0.102443318586
0.102423520924
0.104392967372
0.101500721501
0.102452713953
0.101943722944
0.102793186972
0.101097402597
0.1
0.103971139971
0.0998636363636
0.1
0.101191197691
0.10094973545
0.102512566138
0.101713323713
0.108226376317
0.101962301587
0.103179043179
0.101305555556
0.104443722944
0.104464185506
0.100594258916
0.102229316979
0.100874312196
0.101191197691
0.108667955061
0.101124458874
0.100135281385
0.104961459836
0.104480966564
0.110124920549
0.1
0.102110750361
0.1
0.101874542125
0.103318362193
0.105109255824
0.103471965534
0.103098733938
0.105028588392
