0.0714285714286
0.0956103508428
0.130556964231
0.167492884563
0.212282865963
0.251534178019
0.287305595164
0.316458286894
0.344492480411
0.391300404096
0.446751660572
0.492758821564
0.539539590406
0.555141509502
0.578736044583
0.618924218314
0.673051511489
0.716918685602
0.741363337175
0.775833822408
0.808880941691
0.83136234444
0.848375080771
0.861450680611
0.871149340752
0.87543606227
0.880096807096
0.884318682574
0.89090078089
0.890087211369
0.892878237849
0.895753725247
0.897794923141
0.899393532941
0.901075032956
0.902482498111
0.90383804097
0.904999759964
0.906003558378
0.906950758907
0.907854295667
0.919178292467
0.948285077684
0.954425646943
0.96120743935
0.967106500623
0.970976853931
0.972501805642
0.97501221034
0.976549411179
