0.0833333333333
0.0845908082742
0.0933648394666
0.0896956101973
0.0904238364317
0.0906903690832
0.0946383713267
0.0930776590589
0.0899679566672
0.0921359749511
0.109987600062
0.106404854081
0.131269578063
0.120900189184
0.151337070777
0.141045255972
0.167158984625
0.190673613245
0.199512642365
0.237870696835
0.240741301485
0.240178502369
0.221058767014
0.246557617265
0.248638597724
0.242585327873
0.272089119078
0.268916178017
0.270631683264
0.275336232188
0.274176739882
0.286873684016
0.284747038171
0.287818977133
0.281140287828
0.290368404759
0.296798049117
0.299955363578
0.291233564114
0.292173197656
0.285392174688
0.306917759852
0.298637009714
0.349562979973
0.334692429927
0.330186752461
0.393553783595
0.441124732286
0.471841999987
0.476652628688
