0.0714285714286
0.072814271542
0.0727173681973
0.0718923864189
0.0724738943196
0.0737115575397
0.0713864593456
0.0723645144332
0.0734267189018
0.0720689600245
0.0726847718254
0.0735301427118
0.0721758584386
0.0722179705215
0.0736788951692
0.0729722514006
0.0733401275134
0.072158345481
0.0731208175672
0.072573215298
0.0749478307021
0.0725938664156
0.0719800777454
0.0731216137249
0.0734205036181
0.0726466836735
0.0725608060685
0.073426803261
0.0733320297365
0.0727891156463
0.0721541950113
0.0735615764163
0.0726884771766
0.0732021871248
0.0728149474075
0.0726987416991
0.0734056544245
0.0740098464106
0.0746391187009
0.0722087756671
0.0718295532499
0.072184159378
0.071945861678
0.0732673381853
0.0727269523881
0.0729345309552
0.0719185293165
0.0732669511257
0.0727900014172
0.0716948088759
