0.0714285714286
0.0725042517007
0.0737825963719
0.0734260996065
0.0724723103527
0.0717002753482
0.0727650226757
0.0723328170554
0.0731255002001
0.0719289137224
0.0725004049239
0.0736117557142
0.0740213039581
0.0723624137155
0.0724457952824
0.0722594275806
0.0723152832562
0.0721393646744
0.0726098772842
0.0726385598882
0.071848300332
0.0718266235065
0.0716821966882
0.073627549234
0.0724870930515
0.0716952137998
0.0729679371749
0.0724943310658
0.0729431891804
0.0728616446579
0.0724232922336
0.0724739419577
0.0724617346939
0.0724141055232
0.0733252629756
0.0729370706616
0.0737134719959
0.0733134637784
0.0721340917319
0.0724255416452
0.0728962537396
0.0757803538082
0.0743848017148
0.0731724535052
0.0721027696793
0.0718262825964
0.0751689008937
0.0725707931982
0.0719436345967
0.0717799143467
