0.1
0.167249359615
0.427418449801
0.572278265857
0.646797161458
0.718239915925
0.750192152854
0.763994166515
0.771511583353
0.776081960844
0.779506978292
0.781861427177
0.783640873285
0.785214261064
0.786570706064
0.787723859426
0.78867088084
0.78950257681
0.790081769802
0.79077414634
0.791358312147
0.791828784608
0.791945332519
0.792472190286
0.79268046513
0.792830137836
0.793128958878
0.793271683826
0.793428802394
0.793695148672
0.793914980508
0.794214223945
0.794444924971
0.794637586341
0.79479454011
0.794942274556
0.795092514182
0.795240037819
0.795381372026
0.795518598754
0.795508991637
0.795636305118
0.795737351791
0.795885883666
0.796043980479
0.796135812089
0.796124119792
0.796218448396
0.796305525192
0.796429901507
