0.25
0.354615457294
0.554899796196
0.88512104791
0.958441341809
0.975455053228
0.982424891575
0.986107639783
0.988654912957
0.990286579645
0.991587768679
0.992551879828
0.993269888445
0.993913558393
0.994423469112
0.99485628303
0.995234137699
0.995557890963
0.995842237472
0.996088126291
0.996307272279
0.996504547287
0.996672540914
0.996835392648
0.996981746951
0.997113365783
0.997237476555
0.997349706853
0.997450539683
0.997546678321
0.997637697043
0.99771801935
0.997796452582
0.997869293615
0.997937470542
0.997999795543
0.998062266179
0.998119652585
0.998172105596
0.998222666454
0.998269780078
0.99831406006
0.998356751932
0.998396711502
0.998437313113
0.998474051268
0.998508961631
0.99854199326
0.998573837781
0.998604251973
