0.125
0.126350308642
0.131025692531
0.129637170314
0.125530478395
0.127531828704
0.127025462963
0.124855324074
0.129375
0.126284546857
0.125
0.129495914001
0.128356481481
0.12622974537
0.126757330247
0.131486304012
0.132633248748
0.133559203143
0.125759488828
0.126085069444
0.12817804784
0.128255208333
0.132577750357
0.127315340909
0.128375771605
0.135181837313
0.129586489899
0.12946566358
0.12622974537
0.126032021605
0.126774691358
0.127831702441
0.130624386223
0.131621334877
0.132054452107
0.136843450946
0.135474361672
0.12600308642
0.130647183642
0.126819409371
0.133576899041
0.130902777778
0.132151295148
0.13023989899
0.128614267677
0.128096064815
0.125
0.126986882716
0.128097029321
0.128091242284
