0.25
0.292261904762
0.326636904762
0.278125
0.325388558201
0.480060015216
0.646598157862
0.697439937582
0.719340908531
0.749640954954
0.92428043334
0.957624608361
0.969047415346
0.975820364648
0.980518167507
0.983133631357
0.985130854846
0.98670320877
0.98789578359
0.988938023071
0.989846312467
0.990592452878
0.991218290847
0.991774076955
0.992539185691
0.992960952355
0.993335693004
0.99367321117
0.993979925662
0.994253141368
0.994507576231
0.994737581429
0.994950859471
0.995149395088
0.995328752319
0.995499074968
0.995656277098
0.995801812042
0.99593604877
0.996064301186
0.996185768189
0.996297446554
0.996403344008
0.996502826708
0.996598437375
0.996689574798
0.996772890749
0.996853431673
0.997051877631
0.997122322654
