0.166666666667
0.512176565831
0.800091871716
0.920042609617
0.95688389279
0.969983283467
0.976709600684
0.981179348329
0.984065104467
0.986160371404
0.987766714129
0.989026894954
0.990241522966
0.991185614583
0.991895045401
0.99249354868
0.993013548782
0.993465177092
0.993858119516
0.994208698344
0.9945184696
0.994795454781
0.995044810338
0.995271435051
0.995480517896
0.995670755972
0.99584882674
0.996010779538
0.99616123792
0.996358839594
0.996486602854
0.996605543342
0.996716024326
0.996819319352
0.996917584785
0.997010008969
0.99709532512
0.997177901896
0.997255649507
0.99732898016
0.99739874858
0.997464393246
0.997527174334
0.997586851848
0.9976437239
0.997697897965
0.997748512193
0.997798068857
0.997845221739
0.99789015982
