0.1690287226
0.201354507853
0.176008597884
0.17470356198
0.177423863064
0.170776643991
0.173705593348
0.173327664399
0.214820660307
0.173611111111
0.171169108669
0.167517006803
0.175044091711
0.179545776644
0.191929965243
0.169713718821
0.172843442933
0.17910420341
0.176994756236
0.194538604583
0.172123015873
0.175994819224
0.175048422147
0.173581048581
0.180490599017
0.166288737717
0.171987197657
0.195663616686
0.178952041675
0.17979313639
0.173941798942
0.17115457294
0.171613205467
0.174036281179
0.169430272109
0.193530686685
0.188371598639
0.196021843081
0.229512314185
0.238186964601
0.210562499797
0.252446175603
0.205803965105
0.167795002616
0.168461829176
0.185534244562
0.184534438776
0.172434019904
0.169713718821
0.192799379853
