0.25
0.713174148488
0.731747154096
0.739899451941
0.743216384224
0.743488898627
0.744603476487
0.745544682731
0.746188468111
0.746732057294
0.747187671657
0.747476054032
0.747690555721
0.747955306518
0.748112767892
0.748237067864
0.748352109399
0.74844319508
0.748531549482
0.748660712707
0.748786289343
0.748844612044
0.748894507984
0.748945766674
0.749041713854
0.749078623073
0.749113420668
0.749141180901
0.749169232106
0.749195654463
0.749224234579
0.749247401327
0.749270220721
0.749289046041
0.74931145533
0.749331133715
0.749350167259
0.749366280911
0.74941554827
0.749428648418
0.749443268136
0.749456247139
0.749469699722
0.749480697165
0.749492082163
0.749505018774
0.749544684942
0.749553963811
0.749563747044
0.74957329676
