0.0833333333333
0.123127026241
0.203965950765
0.249485338948
0.307492811784
0.346723494208
0.411816446864
0.473067355426
0.528258694113
0.582172973014
0.634583191076
0.665495032876
0.688587326226
0.696595981894
0.705464013738
0.710065347521
0.719816813281
0.725272181962
0.741324597955
0.759509901455
0.79178147708
0.821936982606
0.860413016747
0.894719875365
0.919259052519
0.937437310272
0.949510739818
0.956661230815
0.96234878885
0.966180730847
0.969181154134
0.972164659134
0.974176995218
0.975702675523
0.977156761575
0.97838927235
0.979575389183
0.980547968814
0.981360568966
0.982171304935
0.982940160915
0.983611140631
0.984329969326
0.98492643294
0.98545767767
0.985938340484
0.986378540235
0.986802891961
0.987201370125
0.987572738361
