0.0730791423712
0.0757567312639
0.0752855218191
0.0825367613977
0.0817706618628
0.0814051272875
0.0745688910485
0.0976812369446
0.100397999254
0.0895744936715
0.0822671824453
0.0762254730813
0.0796628991949
0.0795117959401
0.0816647896823
0.0783071844471
0.0897092910021
0.0910390544604
0.103899462848
0.0957971485027
0.106760175523
0.0987092374152
0.106680684111
0.0912402996749
0.094512993897
0.093503506665
0.115065866458
0.124057133666
0.16016722609
0.160681664511
0.17439210229
0.173970980018
0.175386085025
0.195049743754
0.202757816124
0.202423876509
0.211653966881
0.215789569046
0.230798449565
0.238986044182
0.243309628682
0.240927183746
0.241931784009
0.241770302005
0.26482848944
0.284752599796
0.300793425118
0.297472292404
0.305632422566
0.306995029964
