0.0833333333333
0.192827091935
0.22961976157
0.296489615144
0.395793686937
0.437642516271
0.499241800102
0.563671482708
0.601852285998
0.681371828408
0.714859915361
0.739423046968
0.759594815902
0.771421266293
0.789898533173
0.812731673831
0.827596612397
0.849454733678
0.864330124889
0.871625923419
0.875789768958
0.880121507293
0.88331119835
0.886006592684
0.888389357199
0.890403676245
0.89212331998
0.893651841189
0.894813729085
0.895857055535
0.896867151789
0.897761393006
0.898589068076
0.899349649724
0.900002923536
0.900650440378
0.901234860129
0.901750216941
0.902215330519
0.902675111791
0.903110856337
0.903572649937
0.904041712439
0.904398744552
0.904745343147
0.905082329457
0.905370534491
0.905653570816
0.905911192707
0.90617238366
