0.0833333333333
0.0842050577628
0.0837305500767
0.0874372755348
0.0845288970289
0.0860675877846
0.0836247467429
0.086817002442
0.0850981105789
0.085139537406
0.0855747007876
0.0859263955418
0.0855233365536
0.0856632149901
0.0854567796875
0.0847194827964
0.0857404814737
0.086011506427
0.0867614731626
0.0848159497198
0.0837256582449
0.0838585763036
0.0842989110503
0.0858210219903
0.0841684389074
0.0843744549102
0.0852123593109
0.08635081087
0.0872296773739
0.0852192043813
0.0852481360723
0.0849476378323
0.0846252661157
0.0866044202033
0.0854862089477
0.0846063102674
0.0837545200526
0.0857370956272
0.0845377023262
0.085903082469
0.0849082292352
0.0866889244192
0.0857153584231
0.0847062049672
0.0860248191979
0.0889304867246
0.0913997773341
0.0884920923772
0.0851783366206
0.0861397353156
