0.0833333333333
0.0907897534014
0.102581305168
0.090832235111
0.0928819646723
0.107832380005
0.104133520402
0.136568902735
0.162522404687
0.190796501061
0.196950564803
0.241621002875
0.293841983912
0.337383319129
0.346736875571
0.35060804072
0.34718798618
0.364461393483
0.368835248817
0.369687223662
0.380112243491
0.362292737108
0.359402327353
0.364577669387
0.414209003547
0.43487093208
0.45174397895
0.499651908369
0.527001300297
0.560626070263
0.569866796863
0.617871413268
0.679631786936
0.743283921028
0.774309792079
0.837307500227
0.854861344554
0.865937115731
0.875273069378
0.880216201281
0.882218328578
0.886230035541
0.889463522426
0.891628012098
0.893650859937
0.89525071328
0.896804487096
0.89811351894
0.899196703809
0.899907336233
