0.0861342592593
0.111511664445
0.144623461465
0.177885274187
0.239567625175
0.298425221169
0.36940970094
0.420002231428
0.49863918501
0.554770816083
0.626891281199
0.654969935346
0.686991287609
0.694032745607
0.703768052126
0.708336110853
0.724081463963
0.734430249181
0.757964655369
0.782408377771
0.787606472262
0.801314425707
0.82129321349
0.845685302458
0.863809113733
0.874957005317
0.879597909735
0.883103000789
0.88672280084
0.889526263728
0.891673544012
0.89285524869
0.898031772085
0.925338905609
0.934903412635
0.9567679398
0.962147398677
0.966882246663
0.972273805405
0.97486484942
0.977167235914
0.97910265037
0.980322094666
0.98130655912
0.982133705627
0.983115169236
0.983817363634
0.984683191846
0.985256160309
0.985870440661
