0.125
0.134305082071
0.139924242424
0.130691964286
0.125462962963
0.125
0.131213158369
0.125
0.133079365079
0.125089699074
0.142248842593
0.138569872835
0.130294462482
0.139001660955
0.133191829004
0.130408399471
0.123839285714
0.12730787037
0.125956376764
0.125
0.126999421296
0.135928075397
0.138956198894
0.131643142737
0.128276124339
0.126870039683
0.127008928571
0.125
0.128880208333
0.126248346561
0.137142857143
0.126710648148
0.14420014881
0.125998263889
0.13007034632
0.136737902337
0.131565910218
0.12830067791
0.133912037037
0.159478021978
0.12740779321
0.132125578704
0.127497106481
0.126576967593
0.14129569254
0.138595954586
0.12678125
0.135275352734
0.147584325397
0.135634157509
