0.0714285714286
0.07193683525
0.075726414684
0.072814560472
0.0719207226541
0.0723736974949
0.0719245188155
0.0736672884404
0.0740384653779
0.0729091587032
0.0723929651226
0.072597986401
0.0719683180812
0.0713439592107
0.0719611306824
0.0719416605928
0.0719183605982
0.0714285714286
0.0724173091856
0.0733514642216
0.071391622125
0.0718715834548
0.0714771306588
0.0725367130979
0.072931155349
0.0732860952823
0.0731032450182
0.0724553065274
0.0718473302019
0.0734905175695
0.076765147719
0.0721854943614
0.0734303300933
0.0713977803423
0.0735284243906
0.0738489797512
0.0739027976022
0.0724896259347
0.0722521978368
0.0720249568081
0.0723347003732
0.0732839473835
0.0721508375175
0.0729369128604
0.0719192170352
0.074792686901
0.0731258644193
0.0718579383638
0.073866077027
0.0725818684369
