0.1
0.145124587414
0.184677089022
0.243692537661
0.343262747384
0.409387880966
0.458603461589
0.516375370052
0.576123145256
0.607362828443
0.632290872149
0.646441205431
0.664893208363
0.697891592475
0.720704378715
0.738464687636
0.746657684929
0.755362105144
0.7663842843
0.773343958474
0.77060639511
0.771536946158
0.773960587961
0.77610379856
0.778017678596
0.779676237072
0.781070865489
0.782362728256
0.789793358395
0.785890264751
0.795792773871
0.848131378376
0.861895223971
0.871438472883
0.875780702297
0.878606401376
0.881262523794
0.882665572094
0.883885099184
0.884809633505
0.885511070743
0.886281215842
0.886860432933
0.887426931103
0.88874340551
0.888564446598
0.889206767961
0.889499430218
0.889832130908
0.89247688795
