0.125
0.335196745578
0.538852363401
0.6619273921
0.774977671502
0.818590586464
0.832803911915
0.8408757747
0.846799483176
0.851169446046
0.922394779973
0.962474145219
0.970614345704
0.975652185676
0.978419843099
0.981056952892
0.983276078911
0.984855976344
0.986055891765
0.987050679232
0.987958771447
0.988736158603
0.989385763431
0.989972299682
0.990575907537
0.991030067907
0.991476371426
0.991853137105
0.992203630058
0.992517451035
0.992799593493
0.993065748586
0.993321377492
0.993559069649
0.993773422064
0.993977226623
0.994168926183
0.994348296922
0.994519024731
0.994677755226
0.994828186666
0.994965692704
0.995097731373
0.995221372652
0.995339565004
0.995454016318
0.995561039841
0.995664305628
0.995761014184
0.995855506275
