0.25
0.364732142857
0.450707290886
0.556164911477
0.539655760113
0.669674786546
0.885980463059
0.944126905745
0.962483895692
0.972038684889
0.977529586226
0.981035524263
0.983684495036
0.985647152229
0.987184756933
0.988399279939
0.989436153463
0.990275404683
0.99098269163
0.99160745186
0.992149041259
0.992628944743
0.993054712806
0.993440975429
0.993777710694
0.994084459329
0.994360579406
0.994611931601
0.994842929555
0.995056079801
0.995246875035
0.995425104497
0.995590581279
0.995746995944
0.995890169485
0.996026720124
0.996154785063
0.996271781209
0.996383478905
0.996489177518
0.99658726659
0.996681802551
0.99676880032
0.996853777354
0.996934272675
0.997010152205
0.997082863554
0.997151319628
0.997217140208
0.997280680168
