0.166666666667
0.492727397578
0.596755926277
0.623921152023
0.643612791394
0.643146085137
0.648450976609
0.650803809014
0.653514363724
0.655359389827
0.664021084726
0.698121059565
0.745916654671
0.779804472031
0.788473084557
0.807630705981
0.813823357969
0.86895488225
0.899377678833
0.926374723317
0.937496495234
0.946632712955
0.953769534542
0.957835612464
0.960159522653
0.962856605599
0.96551827254
0.967810512688
0.97001258306
0.971760339413
0.97351305508
0.975328455224
0.976769796037
0.977983344799
0.979202128547
0.980139236952
0.980391704387
0.981197129423
0.982005371234
0.982743890487
0.983417818501
0.984158048933
0.984756841385
0.985032413072
0.985549167407
0.985972503808
0.986415786056
0.986805083901
0.987376532304
0.987731541687
