0.125
0.564730679736
0.781696731262
0.824801941237
0.841098765882
0.850577853692
0.855723323538
0.859142031842
0.861395313158
0.863118164151
0.864449285851
0.865513475823
0.866388242208
0.867153854953
0.867871598048
0.868380422976
0.868841263598
0.869225668294
0.869586210271
0.869889375273
0.870145984034
0.870387467293
0.870619778715
0.870834677281
0.871017210995
0.871188154782
0.871336543845
0.87147580252
0.871608619499
0.871725172072
0.87183238174
0.871939385468
0.872037973912
0.872130224975
0.872222914874
0.872303026216
0.872373614129
0.87244564455
0.872518858438
0.872584926987
0.872646897428
0.872702800885
0.872760277959
0.872812454275
0.87286364005
0.872910916498
0.872955000946
0.872998589127
0.87304378367
0.873084395073
