0.1
0.109023559533
0.14709781283
0.214223719468
0.322757545551
0.397177996963
0.449297136802
0.48857386882
0.484772060153
0.480326894734
0.518482318567
0.541530895809
0.598536570444
0.64665772821
0.693635947368
0.735340116124
0.754834501138
0.76268373824
0.769146846884
0.773588466171
0.776766458815
0.779317325706
0.781346293329
0.782850973591
0.784039147716
0.785037296541
0.785936265992
0.78681381468
0.787551491235
0.788238994687
0.788850188626
0.78935308905
0.789785765521
0.790256833551
0.790739309975
0.791269834356
0.791593355967
0.791916249559
0.792217350694
0.792497168454
0.792724895072
0.792935613745
0.793141122869
0.79335950257
0.793576386333
0.793760093407
0.79391598898
0.79410190758
0.794233526771
0.794376481108
