0.0714285714286
0.102893354142
0.144186024014
0.172933797236
0.215836330921
0.260959181727
0.29141801239
0.317089787751
0.359429187464
0.390406955966
0.429361396673
0.466357926997
0.517523985376
0.570225106162
0.60060176948
0.626632985766
0.642705601172
0.671362252003
0.684733592903
0.711433024042
0.743983062521
0.766148737313
0.800057403031
0.823470528065
0.843820841464
0.855393945618
0.864406461414
0.873100156297
0.878902731161
0.882929950309
0.886814209719
0.890137065236
0.892764918665
0.894982725746
0.896995191602
0.898889351556
0.900448624954
0.901863948739
0.903163229913
0.904215486024
0.90535024262
0.906287988556
0.907216365676
0.908056435687
0.912212016795
0.91478525032
0.91429177668
0.913581593869
0.941024098778
0.957483066131
