0.125
0.236758532926
0.420094272233
0.746297547754
0.817118120186
0.838418524111
0.849095570805
0.854517679928
0.858269287136
0.860607653495
0.862376813489
0.863724432746
0.864952059268
0.865944912181
0.866705384798
0.867396061726
0.867971710289
0.868457457295
0.868881335038
0.869270363949
0.869608426659
0.869924188235
0.870203386035
0.870441540794
0.870653576999
0.870845964356
0.871023635428
0.871169203686
0.871322040012
0.871463392448
0.871595584651
0.871709986705
0.871819915588
0.871926006146
0.872029032153
0.872117739641
0.872208779303
0.872285551369
0.872360005865
0.872431685836
0.872497530015
0.872604320924
0.872668088641
0.872724795007
0.872779240789
0.872831118839
0.872881537433
0.872930430257
0.872977856035
0.873018662563
