0.125
0.247487928774
0.46955920208
0.6311041882
0.749159276936
0.801908877333
0.820692085312
0.831817229954
0.838407612309
0.843490170307
0.846956269248
0.849747355852
0.852505803597
0.85440176173
0.855647392332
0.855594144622
0.856902480811
0.862898374293
0.862852436542
0.861386115777
0.857207174935
0.867497970302
0.942283220209
0.957809581003
0.96483905003
0.969289800898
0.972394605981
0.974535226164
0.976312815202
0.978187383796
0.979594191316
0.980585215833
0.981650237384
0.982540123176
0.983390347043
0.984166407491
0.985040774198
0.985694385399
0.986281642343
0.98672739654
0.987179670329
0.98775384888
0.988234856424
0.988637767149
0.988957426446
0.989360689496
0.989680503967
0.989991290002
0.990300621284
0.990614351507
