0.166666666667
0.318219492699
0.614091267013
0.744593321683
0.778957479746
0.79406171867
0.798824472496
0.804896414166
0.808792645984
0.811510938826
0.814344177833
0.816561837149
0.818485263613
0.819927283588
0.8213842528
0.822417161208
0.823512295937
0.824218149143
0.825057323447
0.825693403205
0.826164105958
0.826473822688
0.826784261885
0.827101181645
0.827374842451
0.827690709316
0.827889952472
0.828088909641
0.828321477157
0.828929828856
0.828622230207
0.829108200982
0.8294293663
0.829206708776
0.829345037831
0.829452682105
0.829563025204
0.834033675234
0.83889004715
0.83137000235
0.831401088459
0.842816251989
0.837668187762
0.838531345171
0.846457081397
0.852327362528
0.869877858841
0.909601972722
0.926635306136
0.94255836103
