0.0833333333333
0.122299912993
0.165242968906
0.220307159474
0.280689826506
0.364949123822
0.446605565195
0.510869358802
0.563973815965
0.641406477722
0.6953552185
0.72267270892
0.743612895944
0.770912061369
0.801745183545
0.827656252653
0.846262740654
0.858036602885
0.865957295321
0.871592852722
0.876189824173
0.879856672538
0.883227340563
0.885531392626
0.887623109569
0.889537917086
0.891147373335
0.892734987324
0.893909622366
0.897759469326
0.896114319296
0.89701567434
0.897813641865
0.898569863048
0.899346785339
0.899980247997
0.900580513418
0.902791422905
0.902608094818
0.904202410904
0.902773927906
0.903194907183
0.906676411319
0.904002073045
0.904370803178
0.904678662572
0.905010633261
0.90535181324
0.905672371402
0.905921471407
