0.1
0.102338046213
0.108423310948
0.137540838558
0.133780889516
0.12029999178
0.119480532364
0.130472107427
0.168067207005
0.179997862238
0.275189921194
0.302468949332
0.387120562421
0.527322352434
0.586464262045
0.633207754334
0.68578308744
0.719841443827
0.747847920599
0.772866298949
0.777421336462
0.779751981231
0.825452404166
0.854351727947
0.861526086412
0.867981851209
0.874344290514
0.876449871534
0.878776084068
0.880798948605
0.882573722234
0.884085701078
0.885303402627
0.886318920408
0.887177634654
0.887846004097
0.888459580704
0.889064838351
0.889640125777
0.890073428686
0.890506491886
0.890893930182
0.891251570916
0.891581756919
0.891890085536
0.89217542139
0.892444882791
0.892686483451
0.892904127728
0.893120681433
