0.1
0.172790904674
0.243858024171
0.359193676698
0.448607728406
0.509469353856
0.568178749501
0.610782344476
0.680165810151
0.796104238596
0.881357615566
0.916633106422
0.935947864969
0.94702433586
0.955541960982
0.961354229446
0.965503446338
0.968899417477
0.971660987974
0.973968525312
0.975810273226
0.977487929894
0.979023581497
0.980402402484
0.981560883393
0.982616489767
0.98347522042
0.984260304494
0.985055811169
0.985709463658
0.986321589436
0.986886667728
0.987402655485
0.987935665555
0.988362559671
0.988763768007
0.989151188124
0.989514369387
0.989848602668
0.990156006583
0.990447879201
0.990725261349
0.990979717421
0.991272557726
0.991507043368
0.991725177292
0.991936724434
0.992132738958
0.992323288367
0.992502535994
