0.0719183605982
0.0714285714286
0.0721555859998
0.0722424178005
0.0735152972562
0.0729138110317
0.0727370488239
0.0735661434713
0.0722290962516
0.0749338963692
0.0729856724436
0.0756674804512
0.0718027885757
0.0730834109437
0.0714285714286
0.074581773005
0.0714521245006
0.0714285714286
0.0725664918745
0.0717453325025
0.0714313552802
0.0714532042976
0.0719018599503
0.0718657626741
0.0727679773546
0.0728476187102
0.072356015819
0.0723622457416
0.0731084407694
0.0745253793068
0.0730096315557
0.0723852778959
0.0724390568479
0.0718604257179
0.0726832702327
0.0732023067163
0.0719301371342
0.0735119038033
0.0714285714286
0.0727317278485
0.0730329133279
0.0718636747854
0.0719241391993
0.0732943931541
0.0718602540222
0.0735133831558
0.0726066320625
0.0723736468794
0.073240131246
0.0723898607062
