0.0833333333333
0.0869884130053
0.0836395867553
0.0840644350689
0.0833462792168
0.0872901663718
0.0841152848841
0.0855958515376
0.0862764642194
0.0853687896099
0.0838763790773
0.0839060309546
0.0863237567107
0.0836358509792
0.0833442351299
0.085324496014
0.0840410037769
0.0840900997151
0.0882474915957
0.0846189666343
0.0841030455986
0.0864525449985
0.0838558594734
0.0844901035408
0.0838403642135
0.0844489865713
0.0846189666343
0.0840897842696
0.0839333232996
0.0854858036689
0.0846341044134
0.0854634535438
0.0861588454063
0.0829940149137
0.0842328324967
0.0847673089382
0.0930508751013
0.0855720437659
0.0855905027355
0.0839779993957
0.0849897654337
0.0854259663606
0.0839670002616
0.084827560832
0.0838205917288
0.0853699252137
0.0841753166052
0.0867562198787
0.083358682534
0.0860568270857
