0.1
0.208463899141
0.304334525948
0.429360276302
0.514208132038
0.581386277712
0.612733564718
0.634562942782
0.650494010541
0.664249615111
0.694723071819
0.739793481755
0.754441900411
0.762662880659
0.797206978993
0.821448836772
0.847729366464
0.859419416089
0.865272789405
0.870117778343
0.87319296921
0.8756650262
0.877477515698
0.879119045707
0.88052098006
0.881852106493
0.882837549355
0.883693139859
0.884501697003
0.885180484207
0.885872386679
0.886464634095
0.887019394536
0.887533279548
0.887975137492
0.888376015854
0.888823839233
0.889258033581
0.889601011012
0.889934845406
0.890268884369
0.890553700601
0.890818944408
0.891103217618
0.891388440652
0.891610804589
0.891837693034
0.892033464593
0.892224805681
0.892446472677
