0.166666666667
0.341904704494
0.686256747766
0.763203034863
0.794596659061
0.806894527597
0.813005223228
0.817260128989
0.821058132406
0.822043169889
0.823337586434
0.824424533598
0.825516394554
0.826244222875
0.826782434959
0.827246119633
0.827673191063
0.828072851252
0.828420487567
0.82871571788
0.828962289201
0.829200997655
0.829396751223
0.829596526784
0.829746770643
0.829909149246
0.830132313106
0.830260416359
0.830382383524
0.83048897683
0.8306047504
0.830696518497
0.830780394736
0.830861691258
0.830937502156
0.831081712321
0.831149471663
0.831207407619
0.831264898686
0.831320054278
0.831371981575
0.831423043638
0.831464760085
0.831508349532
0.831552315974
0.831595841941
0.831634737576
0.83167224393
0.831710252325
0.831744137221
