0.105119047619
0.107584094917
0.196653084454
0.185945816302
0.228998560494
0.420204927748
0.555076729223
0.6849898248
0.735499838542
0.752569999687
0.762447509939
0.769775921915
0.796946481011
0.859610171537
0.928759726228
0.949171097765
0.962249517209
0.96978266322
0.974049096262
0.977204793933
0.979332458474
0.981166488085
0.982703797811
0.984001903079
0.985048034333
0.986009644556
0.986922539246
0.987620025021
0.988252412788
0.988819274033
0.989352091177
0.989807052606
0.990330170922
0.990717886432
0.991074502709
0.991387746988
0.991679961775
0.991972230079
0.99222934004
0.992477765214
0.992717277329
0.992936136981
0.993148732672
0.993343603719
0.993525542651
0.993700992523
0.993870749454
0.994029081221
0.994168748193
0.994315729911
