0.125
0.38466225182
0.592510880742
0.662786691539
0.724856305495
0.801890813212
0.822074862759
0.834028863019
0.841741696865
0.84657479982
0.850344886847
0.853147803174
0.855470905116
0.857143498501
0.858592886657
0.859858982296
0.861054093742
0.862107803816
0.862975292487
0.863774153495
0.864396482735
0.865024156153
0.865516337286
0.866032445339
0.866438922997
0.866812903837
0.867136510474
0.867455879939
0.867751158855
0.867997359229
0.868254223167
0.868482304992
0.868707610337
0.86892489702
0.869116111753
0.869298062462
0.869472857187
0.869622897535
0.869771207636
0.869907525017
0.87004957042
0.870175643584
0.870302050529
0.870416472036
0.870528794083
0.870631988397
0.870622287021
0.870719466723
0.870809573548
0.870901301041
