0.166666666667
0.548868699324
0.777742484404
0.806244551494
0.814988357405
0.819766666527
0.822235599939
0.824403034042
0.825945069863
0.827065200657
0.82778141651
0.828345837006
0.828834391793
0.829209469142
0.829524297032
0.82979459073
0.830055665898
0.830275397588
0.830477062074
0.830645630318
0.830791734589
0.830916588775
0.831033856378
0.831138608743
0.831233406814
0.831322074641
0.831409200303
0.831484266988
0.83155071456
0.83161905863
0.831680447861
0.831736928177
0.831790609563
0.831836228124
0.831883256954
0.831926216651
0.831966307193
0.832005188858
0.832042133329
0.832076905459
0.832107877424
0.832137123676
0.832163295877
0.832194278989
0.832219682698
0.832245652851
0.832268698855
0.832291072122
0.832312941687
0.832335563851
