0.0714285714286
0.0842485473343
0.111657493457
0.151447124915
0.210188234362
0.245060501036
0.277687412172
0.341432981026
0.37566256864
0.40256816629
0.43206462046
0.454645300698
0.490913089754
0.524562958483
0.550471114769
0.587929992983
0.60353513035
0.619679569461
0.644885028092
0.687228144614
0.726169320812
0.754181386575
0.770788602457
0.783850133267
0.797986156336
0.828427377366
0.849949471059
0.860930664983
0.869825918047
0.87642931482
0.880885076533
0.884936199894
0.887707404094
0.890470369205
0.892765201217
0.894849889739
0.896789650343
0.898603371895
0.899960535585
0.901291630299
0.902317954588
0.903436753464
0.904599865289
0.905582355018
0.906450309847
0.907270156556
0.907609256046
0.908278816524
0.908994359718
0.909604237861
