0.25
0.84390972915
0.948415689618
0.973688102724
0.981793136432
0.986825336266
0.989573445885
0.991251875006
0.992442243836
0.993344221186
0.994208648958
0.994775200428
0.995232491408
0.995631649959
0.995954309141
0.99624010564
0.996481965444
0.996802801763
0.99699528965
0.997240658276
0.997387279491
0.997525155546
0.997641014995
0.997745303725
0.997841591631
0.997932967916
0.998015543977
0.998096645954
0.998166386407
0.998287749535
0.998347358932
0.99840389208
0.99845352415
0.998501578128
0.998546019897
0.998588280854
0.998627477325
0.998664372781
0.998699751808
0.998733127968
0.998808425613
0.998837838208
0.998865645931
0.998892828042
0.99891808766
0.998942867712
0.998966126761
0.998988633356
0.999010219908
0.999030742052
