0.0833333333333
0.122534575097
0.173206309211
0.173366179444
0.196196439967
0.203063670427
0.213954672367
0.224576900819
0.234022854386
0.227607445333
0.245538531544
0.234741833381
0.274514565547
0.244188182731
0.22415639407
0.227444364436
0.22612425408
0.246572161553
0.271147351929
0.280702530386
0.289061083478
0.315858614689
0.32777139849
0.341312279003
0.386156180088
0.389985442964
0.405523277746
0.416636872261
0.447673208593
0.457157932608
0.515471946947
0.538554989474
0.556856087137
0.576964444924
0.588876455008
0.606378646187
0.632516689852
0.646067872398
0.666989133659
0.688478012285
0.703223641924
0.712735142643
0.722334976926
0.739147658784
0.75584796221
0.776229476042
0.789614462007
0.796833634697
0.80301270299
0.806578649404
