0.1
0.100898212898
0.101396694215
0.103548937465
0.100996503497
0.102541322314
0.10245959596
0.101785123967
0.10437950938
0.100511655012
0.101403581267
0.101467171717
0.103693755739
0.10252892562
0.103100762873
0.102248710885
0.099914600551
0.103193278943
0.100738521579
0.102768024516
0.100984848485
0.101107438017
0.103353719513
0.104019513315
0.104200118064
0.103699494949
0.105080737444
0.100451101928
0.101691919192
0.109295552932
0.101432998819
0.103244031221
0.102208391065
0.101491021799
0.101090909091
0.103278766688
0.105266299357
0.103224429611
0.101280991736
0.102760560147
0.106415214156
0.10249686677
0.104362859363
0.101455922865
0.103662829207
0.101956127788
0.106531650168
0.103314897224
0.106807570052
0.101117227955
