0.166666666667
0.440460044512
0.729501410096
0.781656361559
0.820639144776
0.923028528802
0.954680228593
0.966782938862
0.974054125768
0.978660326624
0.981967289225
0.984102133298
0.985915691405
0.987195630419
0.988548348776
0.989567926187
0.99034766889
0.991016808359
0.991588479944
0.992120332899
0.992648749375
0.993048619405
0.993403488038
0.993722843836
0.994151514595
0.994412502436
0.994648069988
0.994937632445
0.995136262521
0.995378541518
0.995605107054
0.99576170036
0.995907387873
0.996046801691
0.996165804653
0.99628494803
0.996398298238
0.996501905555
0.996598287403
0.996690322
0.99678010178
0.996864530274
0.996945478197
0.997021301916
0.99709213413
0.997159087297
0.997226156341
0.997289239267
0.997347668888
0.997405677135
