0.166666666667
0.206355864769
0.387873614775
0.555344752645
0.72834690954
0.764218796317
0.783736908245
0.794650046418
0.802812849684
0.807504682574
0.811493444748
0.814260145001
0.816439104883
0.818151720041
0.819838225771
0.820567300868
0.821851341931
0.822556184375
0.823408128409
0.824013389119
0.824612374419
0.825064708088
0.825927273153
0.82575059115
0.826158900954
0.826518578224
0.82681047199
0.827161783369
0.827429026945
0.827680307899
0.827867741657
0.8280737243
0.828253209321
0.828416821989
0.828574229454
0.828710812853
0.828862410764
0.828986481464
0.829115647308
0.829232505103
0.829344641428
0.829432344886
0.829532270505
0.829625945726
0.829709335255
0.829790845172
0.829863477737
0.829936781103
0.830019443142
0.830093281619
