0.0833333333333
0.0879264707712
0.0847432291457
0.0846536387402
0.0845155912464
0.0856168404245
0.0856561707523
0.085080472031
0.0838445605066
0.0861331271496
0.0851589649667
0.0872192472896
0.0858261912589
0.0836444538368
0.0857977333767
0.0861761025909
0.0846042312388
0.0862630514073
0.0839966657274
0.0855190037882
0.0840475407783
0.0850895009549
0.0878250831891
0.0844721517798
0.0857461245511
0.0851554009178
0.0848938276823
0.0901359961857
0.0867305987155
0.0849660311199
0.0849505729313
0.0843560057159
0.0868411960445
0.0842403348585
0.0847192871231
0.0837510957703
0.0845485342395
0.0850349220885
0.0842647381109
0.0869707820669
0.0844806775439
0.0849730753577
0.0846774689494
0.0864697410851
0.0846552041264
0.0863214039725
0.0841390180332
0.0872832778739
0.0848857072415
0.0862461256692
