0.125
0.188642626329
0.389493843754
0.508170090606
0.652427875053
0.752139419787
0.801898722762
0.821985410524
0.833029422676
0.840181724944
0.845529273772
0.849350897737
0.852421250897
0.854738462647
0.856568893593
0.858074768499
0.859421328969
0.860541767165
0.861584698368
0.86241188809
0.863240136811
0.863911836515
0.8645143031
0.86507031617
0.865532473011
0.865966374488
0.866458233144
0.866821749388
0.867164159531
0.867465242925
0.867733688252
0.867980760593
0.868212687755
0.868444272739
0.86865411438
0.868851786115
0.869102947864
0.869279750654
0.869448436786
0.869602769904
0.869756543204
0.869895291894
0.870025716427
0.870150743619
0.870269562905
0.870384640341
0.870499749093
0.870604168514
0.870699553472
0.870790768369
