0.0714285714286
0.0874517289329
0.108283464253
0.12229789913
0.201921656047
0.268624822407
0.358012868323
0.418584540433
0.472100897058
0.527402345624
0.587721619288
0.638363884912
0.67996381552
0.755906521274
0.786068092633
0.80290820997
0.814156654393
0.820238710292
0.824871582753
0.82815264845
0.830935066794
0.833336964646
0.835087715374
0.836576720635
0.837846511528
0.838916105788
0.839965615996
0.840892609642
0.841475700519
0.842330388947
0.843123297325
0.843772347814
0.844318646236
0.844869401939
0.845356003202
0.84579594439
0.84620633026
0.846412736135
0.846815065388
0.847161186742
0.847484156271
0.847787824744
0.848047165119
0.84830643635
0.848564529764
0.848797579121
0.849022493303
0.849243962991
0.84944904755
0.849641062232
