0.25
0.725996599157
0.734601900444
0.741184582081
0.743144613006
0.745198913518
0.745953040623
0.746550549906
0.747065337333
0.747373656715
0.747633464883
0.747857603541
0.748038499991
0.748194106115
0.748317795223
0.748429739495
0.748638647345
0.748720861615
0.748789387475
0.748649941307
0.748799132354
0.748859216816
0.748916204831
0.748967176815
0.749012385428
0.749048844368
0.749082671127
0.749116863466
0.749150540426
0.749183061623
0.749210754225
0.749235056022
0.749258926576
0.749281746591
0.749300917824
0.749321364399
0.749339001681
0.749393738194
0.749409538642
0.749425324115
0.749440086961
0.749454439923
0.749467479796
0.749478856427
0.749490765208
0.749501111482
0.749512217641
0.749521654095
0.749531754325
0.749460627641
