0.0714285714286
0.0842902366504
0.102425044612
0.129715323058
0.142698316908
0.158740431077
0.18752265384
0.2318331184
0.276528224156
0.286179162137
0.312643339624
0.335246463555
0.35399861315
0.400056158729
0.436160251761
0.468405050808
0.484322608734
0.520478010524
0.546090508045
0.570318340133
0.598960377666
0.614030011685
0.639231351561
0.678840708386
0.70466638601
0.71270260385
0.723335548192
0.737166962163
0.741057535795
0.744821326741
0.748672519959
0.758493940187
0.754757327888
0.762443382725
0.772414725572
0.780274748564
0.798730852073
0.812822991947
0.818775576125
0.822475440065
0.825627816714
0.82830985315
0.830186565264
0.831833787009
0.833126624158
0.834361811071
0.835301263376
0.836371270535
0.837253649984
0.838025703551
