0.0833333333333
0.107080959784
0.134480628943
0.183757744546
0.246889443578
0.3509613591
0.44335130769
0.507087300305
0.547069771268
0.58988051987
0.624419231583
0.66256632487
0.676773732289
0.687430818214
0.69623259343
0.703035832387
0.709217241665
0.715843004447
0.741944403364
0.769471992143
0.784521034322
0.799525653183
0.816565673353
0.849030238143
0.861855455336
0.870527870471
0.875974886703
0.88092788994
0.884033871145
0.887220809052
0.889434933392
0.891178626103
0.892987556842
0.89399152076
0.89509726853
0.896163101572
0.897168603681
0.89805254923
0.898982027631
0.899378744191
0.900022249731
0.900754095925
0.901337989762
0.901793832533
0.902291449118
0.902744158593
0.903176217608
0.903586052667
0.903992026673
0.904364761238
