0.0833333333333
0.0852404571296
0.0847948170064
0.084328174687
0.0862221976233
0.0848429526314
0.0855523660812
0.0863089787197
0.0844838921762
0.0844002418522
0.0851980716679
0.0840211248865
0.0837237015122
0.0871776254881
0.0844046445008
0.0868764172336
0.0835939701324
0.0855591168091
0.0842140587333
0.0847283859303
0.0875228770009
0.0847920775805
0.0846208075604
0.0859942103074
0.0865157354855
0.0840423694132
0.0864538665565
0.0853545991046
0.0850688364596
0.0833059390752
0.0842228640306
0.084155999678
0.0850146559281
0.0843941620041
0.0851242469374
0.0869276521835
0.0861501199757
0.0841390180332
0.0841606119765
0.0850090792398
0.0856587704115
0.0863826603949
0.0855650445583
0.0857412886259
0.086532412439
0.0854158168856
0.0854518039958
0.0867206103349
0.086620455628
0.0857461229068
