0.125
0.142529812009
0.132893518519
0.128318339646
0.125096450617
0.152720590345
0.154224915665
0.150783602971
0.147413344461
0.128083964646
0.127025462963
0.129137731481
0.126157407407
0.130693655303
0.127094833215
0.126531635802
0.127210648148
0.12483121142
0.129598940797
0.128832684484
0.125811500421
0.138869160354
0.137611882716
0.129787808642
0.126245089787
0.131040135597
0.128194444444
0.131514212149
0.125208684063
0.127127174523
0.129545741506
0.126929012346
0.128833912037
0.134548611111
0.135186556219
0.134130366162
0.139491134533
0.129519962886
0.130164141414
0.129336292215
0.130608603395
0.126427469136
0.125988618827
0.128602430556
0.124879436728
0.126398533951
0.135942052739
0.130121527778
0.134082680437
0.134073021886
