0.0833333333333
0.184117163998
0.287539779501
0.468917478661
0.606035941994
0.727329214001
0.781516784817
0.833827465943
0.85839166442
0.870309218317
0.877960060017
0.88347386423
0.887562257956
0.890810558845
0.893521157528
0.895668258009
0.897338385179
0.898844419712
0.900301057161
0.901447777423
0.902477275885
0.90331353721
0.904125596791
0.904814845243
0.905391599895
0.90593873795
0.906423891727
0.906870403163
0.907292496669
0.907685758524
0.908011207031
0.908347207483
0.908664087488
0.90892771698
0.909200620302
0.909430954493
0.909672147082
0.909876622861
0.910083052813
0.910255478816
0.91043681175
0.910593603299
0.910754515329
0.910908499684
0.911050374669
0.911181456608
0.911311010738
0.911437201838
0.911553021948
0.911664562853
