0.106833333333
0.142962729205
0.171308151941
0.222348283756
0.422930696595
0.499237486386
0.549717736082
0.648520386663
0.723208728752
0.750121907599
0.762920805043
0.770012759904
0.774763998062
0.777442496251
0.779945503788
0.782221521868
0.784156665581
0.785430957319
0.786820099709
0.787931217442
0.788935425289
0.789614589375
0.790237008612
0.790895663006
0.791441924309
0.791918558996
0.792313753817
0.79267658048
0.793070682437
0.7933671358
0.79363659737
0.793899128487
0.794145502831
0.794341563066
0.794537927668
0.794736273592
0.794905130506
0.795070043327
0.79525859394
0.795396740133
0.795572515344
0.795697345524
0.795814514964
0.795925932157
0.79603392716
0.796146855288
0.796252092737
0.796387778937
0.796477942072
0.796557912703
