0.25
0.356895881896
0.288720238095
0.746274739917
0.939914050518
0.967955677778
0.978112018576
0.983336093596
0.986705052857
0.988954355566
0.990562592888
0.991751775605
0.992697156147
0.993395295958
0.994009575112
0.994503905759
0.99492881951
0.995286626577
0.995583532046
0.995862837165
0.996110045556
0.996329953977
0.996525496226
0.996691057243
0.996849947043
0.996993271811
0.997124046313
0.99724670504
0.997358414186
0.997458499784
0.997551727681
0.997640406415
0.997726647753
0.997802603778
0.997873950745
0.997941526553
0.998001899331
0.998062118599
0.998115332025
0.998168069284
0.9982181945
0.998264736199
0.998308852586
0.9983511222
0.998391430798
0.99842918735
0.99846671854
0.998502697624
0.998535246027
0.998568271904
