0.125
0.131993220899
0.128564814815
0.146282166907
0.132521730915
0.130475852273
0.138374503968
0.135465691138
0.12708912037
0.13044047619
0.12869212963
0.132885664683
0.127268518519
0.132656718474
0.128013806217
0.139868551587
0.124715608466
0.127023057961
0.130661995701
0.125
0.127627314815
0.127086226852
0.129241898148
0.127809193122
0.128209738757
0.128413194444
0.129615349928
0.129588059414
0.133317074515
0.134918981481
0.128511078042
0.134316125756
0.153507032127
0.15410002035
0.132332927489
0.128998842593
0.130849537037
0.125462962963
0.124819444444
0.128921957672
0.131455935847
0.133171626984
0.132333754209
0.130913194444
0.12708912037
0.125
0.130788718034
0.125161458333
0.12697337963
0.125
