0.166666666667
0.18075633031
0.169993228773
0.183756797472
0.170493197279
0.177882495591
0.168119331066
0.170244394054
0.191917700722
0.178439153439
0.188068310658
0.181941951163
0.191658649992
0.174544123205
0.175471230159
0.166288737717
0.173380810658
0.183996283699
0.176794637608
0.16822037457
0.178804484757
0.168707482993
0.182568814563
0.173469387755
0.182062439875
0.174697656841
0.168650793651
0.173823696145
0.173224950755
0.172274187453
0.18123015873
0.182831539602
0.196114890401
0.265265620137
0.204731198035
0.17642521206
0.17763133031
0.166666666667
0.171204104537
0.183010519022
0.179374527589
0.183263903204
0.237301641713
0.238485192057
0.252606152524
0.264912902295
0.270480387044
0.267891883892
0.280691835637
0.311460099052
