0.1
0.154306203146
0.215016660965
0.233740759656
0.328647894636
0.373135719304
0.453079511271
0.520970754679
0.592881849952
0.623228217186
0.645525786799
0.655497258032
0.679724808346
0.716175292842
0.744335047158
0.755988368402
0.760479862052
0.766036287324
0.775918490889
0.77935894499
0.792300870922
0.807979641866
0.823207007834
0.835353818509
0.843841560283
0.853214191543
0.88477342662
0.900706336552
0.939748154322
0.954569129822
0.962384819519
0.966702154612
0.969498054521
0.972356194455
0.974470907139
0.975941497882
0.977332293369
0.978620828398
0.979644579954
0.98087518594
0.981904924751
0.982711227538
0.983549967911
0.98414353233
0.984754294849
0.985480336627
0.986004131484
0.986592271629
0.987003829064
0.987434299388
