0.1
0.107732252596
0.108801070439
0.135958316057
0.168623296108
0.207557875212
0.273048911622
0.316756768207
0.349652017704
0.376968443293
0.403335360536
0.436199839125
0.48017686012
0.522802321894
0.594918377483
0.652009088796
0.679824843661
0.725297170723
0.757060321347
0.791963521274
0.820314516941
0.834300248346
0.844676530847
0.852721474775
0.858585873925
0.862471610509
0.866155149505
0.869205063572
0.871700154722
0.873735908861
0.878015074495
0.87964310979
0.881159782709
0.882356861516
0.88350255747
0.903153942383
0.931550171942
0.950613398647
0.962040780643
0.968510457409
0.972655378685
0.975857662394
0.9776483606
0.979499554694
0.980734492273
0.981897243902
0.982615807495
0.983347878422
0.984114775733
0.984806222329
