0.0714285714286
0.0724162220003
0.0769773972236
0.0769589917783
0.0925425696041
0.0761502190876
0.0818610173156
0.0942413135052
0.0996807794818
0.120126291258
0.15094308524
0.164509974292
0.164170652625
0.17618507758
0.174160893622
0.190407409301
0.218064179137
0.231842435844
0.252609310216
0.265403112442
0.268360242174
0.293575806051
0.292813084222
0.295138395421
0.308072080276
0.336144354958
0.340002497991
0.341833920842
0.35294203598
0.364266807288
0.386558204247
0.408616578062
0.414024137037
0.422800352916
0.433707841148
0.432983705507
0.429721648545
0.450913294956
0.45398951605
0.463594718335
0.475317361357
0.482881093856
0.495713644601
0.519240106913
0.529237335612
0.542999631165
0.549681510931
0.559039217212
0.563442930449
0.560047770769
