0.0833333333333
0.0854220670937
0.0844759021842
0.0857023845863
0.0833333333333
0.0847336842501
0.085767204852
0.0850826715251
0.0853055851461
0.0860282262728
0.0857078773037
0.085760345805
0.0847451159951
0.083230220507
0.0858366583813
0.0868931765828
0.084046606089
0.0841902953014
0.0841389926211
0.0847739552849
0.0848815506819
0.0855776325589
0.0887176913144
0.0921069983074
0.0851855139695
0.0836004273504
0.0856836168406
0.0841127252692
0.0883632041741
0.0855684684164
0.0854911422195
0.0867672911147
0.0830878777307
0.085844330016
0.0848933285158
0.0852624557982
0.0838871510906
0.0846658003776
0.0839642748125
0.0935240542086
0.0833766831163
0.0864383549258
0.0857662462131
0.0856442863742
0.0848214285714
0.0839196077291
0.0853235529221
0.0832040763836
0.0845721408221
0.0864238845212
