0.141379616477
0.416176106016
0.564952507879
0.672209641373
0.823103901744
0.838139639188
0.8481989024
0.854253489509
0.858035468558
0.860434121191
0.8624289979
0.863906161748
0.865064513361
0.865933031786
0.866734253626
0.867400194928
0.867954467898
0.868378649109
0.86877238261
0.869145233498
0.869452377859
0.869846436941
0.870096441941
0.870326758144
0.870533350754
0.870733252545
0.87092234892
0.871095004528
0.871242856682
0.871380678517
0.871509765364
0.871635232939
0.871752523877
0.871855428852
0.871951920605
0.872040699136
0.872128133282
0.872207910755
0.872281310149
0.872356856947
0.872426124679
0.872495025885
0.872556752648
0.872621820825
0.872678534326
0.872735431431
0.872784308671
0.872830031713
0.872874706943
0.872923075804
