0.072030558255
0.0738894456592
0.0724184183842
0.0718646554604
0.0724327826369
0.0728986117016
0.0718944975063
0.0743314438871
0.0725603336573
0.0773366878167
0.0745725765956
0.0726387243886
0.0713827327806
0.0731575982891
0.0738755740391
0.0719793522568
0.0737049693803
0.0729460637181
0.0723620791322
0.0714285714286
0.0724204662024
0.0718937277292
0.0714462763032
0.0737603513628
0.071427154195
0.0725473411993
0.0724396473619
0.0724251903142
0.0739578244652
0.0747908863446
0.0718622090453
0.0764461014986
0.0714159175575
0.0719503327125
0.0713698988795
0.0732081083032
0.0727497877984
0.0738481778707
0.0723464832362
0.0712815963326
0.0714470460803
0.0718819174495
0.0719267965123
0.0723123009124
0.0714285714286
0.0719245188155
0.0723375285134
0.071478096571
0.0744889300868
0.0723492609952
