0.1
0.10379527417
0.10213997114
0.10323977874
0.103463598901
0.101048340548
0.103333333333
0.102497474747
0.101295288045
0.103506493506
0.101849025974
0.101963263588
0.106738934985
0.1
0.100721320346
0.0999069264069
0.102595839346
0.100593049807
0.103780663781
0.109514486124
0.102739641311
0.103318903319
0.1
0.104981189445
0.102550745551
0.104098568099
0.101256132756
0.100632996633
0.112132936508
0.0996338383838
0.102246903559
0.101015769944
0.100814814815
0.101245310245
0.105062930896
0.10041008991
0.100096933622
0.1
0.102887085137
0.101315295815
0.102426346801
0.101644901395
0.101131313131
0.104015822912
0.101697931698
0.0998138528139
0.100065656566
0.0998261183261
0.110872569164
0.102314814815
