0.0714285714286
0.0848495544051
0.0877677464581
0.0914918929524
0.100407196385
0.10279393062
0.169718077585
0.254776863534
0.307425976302
0.394552946155
0.483513423624
0.533814147866
0.567803605583
0.606130332039
0.630228189984
0.64685779992
0.659282846522
0.667347926331
0.673607219655
0.67814155853
0.682602981771
0.685974075575
0.688088357298
0.69005261358
0.691851998235
0.693517431978
0.694840534117
0.696082610438
0.697000589449
0.697351301806
0.698320616451
0.699111616532
0.699893666733
0.700538822637
0.701212069848
0.701813274733
0.702287194664
0.702739445201
0.703160234521
0.703521999132
0.703903676231
0.704304110466
0.704606451699
0.704876120051
0.705143602381
0.705413103494
0.705663035086
0.705891433889
0.706125429111
0.706342330146
