0.0714285714286
0.0923684792756
0.0973189571716
0.110615974296
0.160432159574
0.172344170678
0.238716201301
0.346155070613
0.446357265197
0.522142336347
0.58931462157
0.641401297028
0.691110134248
0.713470346553
0.726980408125
0.736045755366
0.743208166081
0.748215131438
0.75227764056
0.755622250895
0.758170450171
0.76045090642
0.762365952104
0.763970615607
0.765406074054
0.766708527787
0.767832394039
0.7687634216
0.769660390383
0.770578677753
0.771395954868
0.772101734304
0.772655269219
0.773192586176
0.77365911874
0.774124691741
0.7745555689
0.77495222191
0.775429355244
0.775756345645
0.776043278463
0.776339403409
0.776517785252
0.776746684884
0.776992566166
0.777203968769
0.777445203443
0.777676457091
0.777917659373
0.778114106127
