0.25
0.283528202948
0.437530051982
0.528942192203
0.806180908047
0.92344572761
0.954387957767
0.966808338991
0.9738329374
0.978394603476
0.981694029715
0.984119060436
0.985975838495
0.987437310114
0.988608817308
0.989558774211
0.990393445466
0.991097199016
0.991718813491
0.99224950807
0.992714818396
0.99312825948
0.993498827916
0.993830841024
0.994130271462
0.994400930781
0.994650614382
0.994879097268
0.995088156524
0.995280825665
0.995457891976
0.995624412203
0.995778138651
0.995922232794
0.9960560364
0.996179772541
0.996297486794
0.996408411072
0.996512277944
0.996609520899
0.996701519083
0.996789921894
0.996873587061
0.996951824046
0.997026235848
0.997097502801
0.99716633442
0.997231575412
0.997293980599
0.997353664924
