0.0833333333333
0.0889995833557
0.101182077992
0.106022631822
0.10183888326
0.107511910612
0.0930955825809
0.0961257222766
0.104946504735
0.102979637781
0.10398786847
0.100971449444
0.0948120604417
0.10135707084
0.11074485949
0.101791439034
0.0998367761662
0.114590173985
0.13544542563
0.165194313664
0.206067598416
0.233689180797
0.26868692264
0.289799833394
0.319586171135
0.361735508301
0.38304485797
0.405487182495
0.425345198254
0.447519286481
0.464895837158
0.473153951152
0.487954938921
0.500541312848
0.518748546645
0.528204291535
0.541200940303
0.545820790717
0.562107640904
0.567660648254
0.578115613334
0.580106888896
0.583669758348
0.600858611597
0.622765973424
0.653483428616
0.674062038305
0.705012332273
0.725248679582
0.756309239181
