0.0833333333333
0.11304694777
0.0915793744071
0.130413491005
0.116376918062
0.10419430383
0.096004937488
0.104337450105
0.105217838327
0.102454173581
0.0999479448503
0.100926493148
0.105651553884
0.11736269816
0.135163661596
0.179959990117
0.206074734082
0.194505638591
0.271707662129
0.299959107903
0.310216550181
0.335011315976
0.338618364935
0.344427828984
0.35634263608
0.376137722334
0.366949099711
0.430802908651
0.433206581193
0.476823774809
0.495595677054
0.490293494702
0.513255508456
0.501283442682
0.512430543795
0.511647653369
0.50995469667
0.51586820616
0.544104223162
0.56533003659
0.606628164385
0.62754243126
0.661891356228
0.694970893093
0.712386315656
0.716255528566
0.722324578357
0.737715294497
0.746858115679
0.77586486258
