0.1
0.103661053172
0.105043590669
0.12091391208
0.130265869895
0.152506797512
0.162234547437
0.252256082082
0.420171380171
0.500260693856
0.562167932903
0.633131538893
0.647585985566
0.66234578702
0.676191013209
0.678757143229
0.684779141296
0.68200977738
0.684821272757
0.686972664575
0.690460824066
0.691846565187
0.698390080961
0.717785606991
0.744537807307
0.725545672556
0.753421947812
0.767001541435
0.774671605239
0.779163165455
0.782173863699
0.783977735934
0.785382846627
0.7868789557
0.78761327409
0.788439698557
0.789021667687
0.78946051209
0.789962142785
0.790468952893
0.790946011478
0.79126700222
0.79156440854
0.791930222616
0.792225626657
0.792507200183
0.79279233642
0.793056550797
0.793260468134
0.793463864431
