0.0833333333333
0.114528691511
0.135499063255
0.116901171886
0.230373761845
0.394133737683
0.502045229523
0.58744593616
0.691430530655
0.794674590296
0.834933706339
0.858353654446
0.871660617125
0.879134334359
0.88465040206
0.888740630237
0.891839082686
0.893690733756
0.895671940441
0.897712467143
0.899273003413
0.900541368056
0.901749006919
0.90266146774
0.903438486714
0.904166046076
0.904835485321
0.905425828565
0.906040320294
0.90651074231
0.906968362308
0.907361192993
0.907727231495
0.908057250929
0.908395334792
0.90869801481
0.908985795843
0.909222360081
0.909459716463
0.909689733439
0.909900781373
0.910092824087
0.910285940586
0.910467945518
0.910642015584
0.91079904254
0.910949690589
0.911089217021
0.911222717271
0.911356875384
