0.25
0.723916144177
0.969253684373
0.983176723393
0.988145279764
0.990783828179
0.992730016301
0.993850023536
0.994661204203
0.995284079024
0.995783563526
0.996186799877
0.996515441573
0.996793608316
0.997031456711
0.997236648655
0.997415149005
0.997572227593
0.997710198576
0.997832601821
0.997943757494
0.998044568397
0.998135856206
0.998218546213
0.998294481758
0.998364342884
0.998428215667
0.99848763165
0.998542702801
0.99859386125
0.998641569337
0.998686154717
0.998727723566
0.99876677976
0.998803647602
0.998838318509
0.998871060275
0.998901798534
0.998931114594
0.99895892585
0.998985312848
0.999010414691
0.999034368641
0.999057052646
0.999078796167
0.999099551388
0.999119406692
0.9991382867
0.99915646239
0.999173871114
