0.166666666667
0.761302105472
0.946446697337
0.973123930759
0.981582062702
0.986339137361
0.988981132728
0.991056318582
0.992540684365
0.993418071656
0.994156808467
0.994738351207
0.995233425354
0.995625872297
0.995968152219
0.996258871098
0.996507002477
0.996725943971
0.99691597837
0.997085706364
0.997237768456
0.997372684498
0.997499558992
0.997614184833
0.997717547035
0.997811563915
0.99789996829
0.997981150737
0.998055030172
0.998123162633
0.998188416562
0.998248853834
0.998303628419
0.998357525671
0.998407475472
0.998452189599
0.998497997343
0.998540460781
0.998579268997
0.998615544291
0.998651051604
0.998684832644
0.998717243087
0.998747569802
0.99877699033
0.998804362673
0.998830905909
0.998856056656
0.998880907983
0.998903918128
