0.0714285714286
0.0973987340096
0.106464736505
0.105202459712
0.126680487287
0.155019071533
0.176079866721
0.183004115058
0.203027719247
0.196570047351
0.216442674268
0.208540647347
0.213513428647
0.261540621358
0.267520792741
0.281500809877
0.290732886956
0.298586970628
0.29890961515
0.301749568704
0.312482104091
0.316811776467
0.315969899124
0.312636936166
0.325606716781
0.317683514161
0.318926520466
0.323969184976
0.325324643092
0.333435899653
0.342962505907
0.357407938903
0.381390233999
0.407625924389
0.419674250114
0.424673538503
0.428657381897
0.428124719496
0.434253358327
0.436820842159
0.443942882845
0.447823940531
0.455612254345
0.465977924789
0.475715654401
0.475988939611
0.480275183347
0.486749421068
0.491962970841
0.495120781471
