0.125
0.137265625
0.146580269171
0.173009492881
0.194407631472
0.276865466134
0.342082302815
0.394967427832
0.427982438691
0.527450295308
0.648242345511
0.757351079175
0.861564915146
0.9107111975
0.932370563727
0.946738356382
0.955489570992
0.96145814923
0.966347636262
0.970079864364
0.972889259857
0.975218832748
0.977239620099
0.978924980598
0.980397832131
0.981704987594
0.982842183937
0.983821339771
0.984669594321
0.985449004775
0.986177304916
0.986842910551
0.98744667783
0.987975003503
0.988455193374
0.988923094601
0.98935497404
0.989740822845
0.9900941
0.990430258435
0.99074293062
0.991038065161
0.991313444062
0.991575684905
0.991819875773
0.992046862976
0.992266932235
0.992474385059
0.99267341581
0.992860070217
