0.1
0.105678252303
0.121925359033
0.10488095913
0.134072445232
0.134721651624
0.152931356972
0.136108692775
0.188433588096
0.202397128481
0.327562241211
0.472761575663
0.570476098219
0.61564825881
0.646526335041
0.667262151822
0.701694324674
0.732648572457
0.748136264286
0.757100842333
0.765378277865
0.769196700002
0.77320143793
0.776524574276
0.778758233868
0.780612355036
0.782167477201
0.783501502623
0.784695794323
0.785835194725
0.786610223031
0.787315908112
0.788059748102
0.78872910499
0.789306331234
0.789747455825
0.790235796511
0.790670974343
0.791070210505
0.791373991266
0.791821225165
0.792160795902
0.792421661793
0.792688288784
0.792951271823
0.793168713274
0.793380599163
0.793567145521
0.793747444745
0.793918544881
