0.166666666667
0.185471075291
0.186106386999
0.171361252834
0.17519106408
0.171363221214
0.183366402116
0.166666666667
0.166666666667
0.171488410179
0.166855631141
0.200161528287
0.200538954358
0.2197668846
0.198578904928
0.170162509448
0.190873015873
0.174537037037
0.171609268707
0.178785588309
0.169064153439
0.169784580499
0.171847442681
0.18502771479
0.171298801507
0.176640447846
0.167465471037
0.195074326027
0.169802295918
0.182157029478
0.167700066138
0.169453892668
0.170390841522
0.178486788234
0.175949546485
0.175508629378
0.179098954397
0.177283451961
0.195955205876
0.181699971655
0.179026124339
0.167989417989
0.16830829554
0.179012345679
0.186685878055
0.218474790201
0.17612276392
0.17507952255
0.198068181818
0.238476482823
