0.1
0.102747103906
0.10359046218
0.102613018295
0.10144214876
0.103595989481
0.104952744225
0.102543653316
0.100694214876
0.101286501377
0.100493572084
0.105470715764
0.103218551844
0.103170011806
0.103292597845
0.104348361235
0.10304912764
0.102330711635
0.103971763085
0.103036024581
0.104209007775
0.100537190083
0.101430405453
0.102239881331
0.102790482245
0.100675160698
0.101388429752
0.101184573003
0.102644628099
0.103789556403
0.101041551882
0.103165748393
0.106947446493
0.101768595041
0.100509641873
0.102033057851
0.103870523416
0.103394181576
0.105224517906
0.102621015348
0.101877410468
0.103241046832
0.103011513739
0.102622377622
0.101998852158
0.101520070838
0.101661386593
0.107693456893
0.102767447199
0.102313360882
