0.166666666667
0.315539307474
0.484040654038
0.529029507603
0.558521527005
0.59208099452
0.725196760595
0.851460039217
0.939233476308
0.957777334131
0.967332520344
0.973910659822
0.978265764001
0.981078749072
0.983331091053
0.984903617526
0.986242977077
0.987426973031
0.988373165105
0.989206940056
0.989915967343
0.99053930865
0.991099764308
0.991583623935
0.992016152485
0.992415516589
0.992780642719
0.993122529759
0.993420712865
0.993697653548
0.993956160097
0.994184822133
0.994398559538
0.994597754587
0.994783502861
0.994955854119
0.995116604277
0.995265782898
0.995408730881
0.995541209341
0.995668398874
0.995787459724
0.995899214334
0.99600580369
0.996108188977
0.996205346396
0.99629612369
0.996382867097
0.996467847894
0.996546327923
