0.125
0.158252702046
0.240156849663
0.281317845509
0.37972894725
0.514608574209
0.653167346796
0.722731009428
0.774855548197
0.802123979628
0.865728032143
0.912536802423
0.938045171583
0.950555532256
0.958373444489
0.964212942756
0.968106867067
0.971059559277
0.973920695288
0.976130772868
0.977894565126
0.979716232281
0.981148334431
0.982272043441
0.983290054873
0.984224345166
0.985045506539
0.985802470144
0.986450028789
0.987069781989
0.987607859354
0.988119910239
0.988592028601
0.989010096744
0.989420881709
0.989801616883
0.990149854269
0.990475317729
0.990787153542
0.991069508976
0.991332982136
0.991585474546
0.991824706663
0.992049242778
0.992261478695
0.992461066353
0.992653463401
0.992894563427
0.993066008391
0.993229120289
