0.125
0.129178240741
0.126557291667
0.132700892857
0.124432457011
0.128100198413
0.139818121693
0.126257440476
0.128077980324
0.130718529541
0.12414401455
0.127268518519
0.126252066799
0.126498842593
0.127291666667
0.132641801196
0.126663359788
0.128390151515
0.125816695602
0.12820353836
0.125
0.130616319444
0.126134837963
0.128965435606
0.126435887897
0.126999421296
0.129716435185
0.134470486111
0.12697337963
0.125
0.137831326659
0.125
0.1265625
0.133988756614
0.125746527778
0.125
0.126723958333
0.124015358195
0.135128692681
0.126310488316
0.125
0.128546875
0.131967261905
0.129545138889
0.130612599206
0.133634672619
0.129085648148
0.130873015873
0.140961030762
0.128015046296
