0.0714285714286
0.0893333739525
0.0872492319057
0.0810025379831
0.0820623427991
0.0788325202482
0.0818513469441
0.0772439017951
0.0772640205573
0.0876493694408
0.0849590186846
0.0999799091807
0.0863764974123
0.0948125764798
0.108253828306
0.122334870522
0.146660946909
0.166762387376
0.167106200692
0.179804844088
0.18893431078
0.189109428753
0.182712242044
0.188473239377
0.19565675404
0.210669194556
0.202437432022
0.21601913432
0.223025458457
0.254233137386
0.272548986842
0.295063589862
0.32277733099
0.359907698604
0.402385520762
0.411508429421
0.416918470204
0.427505163805
0.431406804431
0.436119472252
0.433050623672
0.437922425441
0.439102891597
0.435680096434
0.445631447476
0.455696891519
0.46969252283
0.501213638155
0.516442934931
0.527684178293
