0.0833333333333
0.123437082886
0.187074190595
0.237540520577
0.292552830541
0.377925154575
0.433029526672
0.481943459306
0.554543715881
0.616117624026
0.669204391711
0.710359231343
0.755883777551
0.788233352587
0.814592961275
0.834928981801
0.850834192414
0.863225903304
0.869723362057
0.875235631766
0.879425630858
0.882720065526
0.885398622663
0.887806821808
0.889849940429
0.895832160999
0.924449320029
0.953705353803
0.962801114987
0.967954549813
0.971254292785
0.97349363996
0.975530933326
0.977451866223
0.978768652182
0.979708855721
0.980694324166
0.981602970647
0.982389312097
0.98308114708
0.983748549835
0.984359736826
0.984990694412
0.985544274338
0.986009525449
0.986536482338
0.986989679304
0.98738477672
0.987762055192
0.98810746678
