0.125
0.315731131704
0.508069142965
0.633242945763
0.70516490726
0.770435350229
0.811669062923
0.8869174157
0.945072477877
0.957691132123
0.96481201087
0.970287893072
0.974014847909
0.976965214848
0.97918999584
0.981102136068
0.982649685688
0.983920051532
0.98506474095
0.98603884619
0.986983726325
0.987757586956
0.988414320535
0.989004873529
0.989521981014
0.990072350791
0.990504954162
0.990915830863
0.991287965503
0.991629602033
0.991938197209
0.992224302663
0.992485868444
0.99278779161
0.993024067339
0.993243024857
0.993451933935
0.993645717268
0.993874142738
0.994047126238
0.994215379993
0.994407449829
0.994550785919
0.994688962186
0.99482110674
0.994948540443
0.995068316166
0.99518006416
0.995287780017
0.995391360339
