0.25
0.956782391213
0.985522626976
0.99104195363
0.993557575289
0.994935216871
0.996146582378
0.996716136453
0.997138449264
0.997471353504
0.997728736344
0.997935980088
0.998120486192
0.998265721151
0.998394121483
0.99850639319
0.998600813444
0.998687265567
0.998759525554
0.998826687538
0.998887025025
0.998941931268
0.998989956117
0.999034141976
0.999074790657
0.999112755917
0.999148940008
0.999181985477
0.999211835956
0.999239624207
0.999264933297
0.999289132367
0.999312249658
0.999334347484
0.99935406363
0.999373076371
0.999390735037
0.99940715366
0.999423038088
0.999438136706
0.999452786209
0.999466444526
0.999479725382
0.99949185835
0.999503366481
0.999514738306
0.999525257452
0.999535747849
0.999545426274
0.999554877232
