0.0833333333333
0.0854527544088
0.0862701096218
0.08559288163
0.0867834933941
0.0869240496988
0.0837538351961
0.085605222324
0.0843152218152
0.0865351211162
0.086592972456
0.0841222879684
0.083926027676
0.0846448334429
0.0842065253123
0.0872872829276
0.0853294802471
0.0853019462223
0.0852336003435
0.0856822092742
0.0854673215851
0.0849440737834
0.0844501385367
0.0841942957328
0.0841522259791
0.084569499233
0.0865670018829
0.0840535786964
0.085689496706
0.0870950122324
0.0858657298389
0.08423538712
0.0857900364288
0.0840847187001
0.0858297329451
0.0861869764342
0.08484764879
0.0844063217003
0.0848038179769
0.084971118625
0.0849681835259
0.0855217627814
0.0851379999732
0.0849828590213
0.0906574246919
0.0870061549028
0.0855568805431
0.0889591569266
0.0854326559684
0.0855382636289
