0.125
0.151780315556
0.216132944024
0.391213803166
0.589114799466
0.684644082839
0.774184893797
0.907927714589
0.947986336275
0.962081667988
0.970012511171
0.975198444381
0.978643652058
0.981276554891
0.983201282655
0.985040573584
0.986372920407
0.987435365629
0.988391411692
0.989198152919
0.989911304358
0.990706463121
0.991237129337
0.99173706177
0.992190187938
0.992575960915
0.99293200796
0.993259410871
0.993548812794
0.993814959423
0.994057056055
0.994285512346
0.994495047773
0.994685610166
0.994868861644
0.995034819722
0.995196533479
0.995347186603
0.995487639435
0.995622286374
0.995744928485
0.995862078395
0.995974457334
0.996081083659
0.996178258455
0.996272844535
0.996364351809
0.996449030165
0.996533368554
0.996610716191
