0.0714285714286
0.0714285714286
0.0730221345731
0.0728926824257
0.0732872458259
0.0736524871054
0.072784726986
0.072346789038
0.0751511183839
0.0714532042976
0.0724490955857
0.0739382558579
0.0727249403675
0.0723148771468
0.0714630237015
0.0721671924116
0.0723900969118
0.0728909152947
0.0730581053106
0.0721352142047
0.0726997268965
0.0724009792409
0.0725499490471
0.0720625303693
0.0723036456646
0.073692186572
0.0726518063823
0.0714285714286
0.0723632917949
0.0730851925619
0.0727838516359
0.0733156917281
0.0733977352102
0.0732639837929
0.0714010703488
0.0718646554604
0.0725488445175
0.0729033695571
0.0728308261549
0.0733102526725
0.0726245160763
0.072529445558
0.0718931409645
0.0739725175785
0.0736538576244
0.0714006485531
0.0765509103519
0.0724674226089
0.0719573345211
0.0734342390117
