0.0833333333333
0.111088490601
0.153262010943
0.20903473222
0.288198758788
0.340820520712
0.46897618202
0.58264094911
0.656411267592
0.697029254268
0.722826036496
0.74172845954
0.754452718221
0.763642544056
0.772487461345
0.77855758153
0.781890631794
0.785713281101
0.788235929669
0.792476157384
0.795470072966
0.79827412265
0.800739555732
0.802530132717
0.804666082461
0.806316622463
0.807746584527
0.808945090251
0.809845925269
0.810917001264
0.811697815538
0.812493604165
0.813401168408
0.813979416629
0.814756422466
0.815298449792
0.815913597541
0.81650770382
0.835820878124
0.853520551881
0.868359871923
0.878214910221
0.887240254523
0.891426332634
0.894177534291
0.896041777911
0.897177075004
0.898270526228
0.899232651336
0.900023867431
