0.125
0.172455688226
0.215048141042
0.279432475908
0.337478932306
0.389265936327
0.408985022882
0.530365514715
0.665441909937
0.779502243908
0.818631934998
0.834337816864
0.843802785933
0.850053992413
0.853739829676
0.85681403879
0.858806011755
0.860422546956
0.86177198168
0.86287116661
0.864115715758
0.864929975638
0.865588202367
0.866203259244
0.866687210985
0.867164428164
0.867570339857
0.867971363726
0.868294388908
0.868612152302
0.868882041049
0.869119174188
0.869341769233
0.869569909597
0.869764750656
0.869941039663
0.870113139661
0.870271412645
0.870427655363
0.870568573547
0.870704823959
0.870832925753
0.870949832693
0.871060121746
0.871167956053
0.871266578154
0.871365144821
0.871460357133
0.871543811483
0.87162338348
