0.125
0.375907339755
0.453600805377
0.716700728961
0.911215733993
0.956674052456
0.969635764084
0.977022475906
0.98161393472
0.984739827773
0.986856217867
0.988383017099
0.989643525136
0.990612195722
0.99144735316
0.992161266286
0.992758154987
0.99325358297
0.993684925357
0.994073254693
0.99441551472
0.9947182851
0.994992270208
0.995237019084
0.995456678351
0.99565849838
0.995852779939
0.996015803877
0.996171931206
0.996315495681
0.996451173501
0.996571857031
0.996689344063
0.996797413937
0.996898876015
0.996992684411
0.99708315656
0.997167160084
0.997247350525
0.997320882288
0.997395464325
0.997463906372
0.997530688543
0.997592241446
0.99765220639
0.997708609296
0.997760624344
0.997811810742
0.997859065434
0.99790639902
