0.125
0.259029760884
0.427250183721
0.54983505325
0.594996945611
0.63504103859
0.73901907087
0.803068448145
0.825935542779
0.835827067709
0.858373079551
0.859519301089
0.930583048781
0.957324654176
0.966835344392
0.972931025765
0.976930496859
0.979744849849
0.981794715121
0.983331704038
0.984572840689
0.98572891121
0.986619626223
0.987546386267
0.98827590242
0.988985233744
0.989628172976
0.9901325624
0.990588727713
0.990996160935
0.991375263898
0.99177478792
0.992153325716
0.99243026729
0.99269510834
0.992940160126
0.993173258895
0.993431931515
0.993632831007
0.993816864821
0.994039820639
0.994245484716
0.994404757907
0.994552652643
0.994697627036
0.99483141987
0.994955670666
0.995114423738
0.99523431271
0.995381051924
