0.126181520062
0.128711419753
0.133541666667
0.127141203704
0.133780234479
0.129166666667
0.12664246633
0.128981218434
0.128467487374
0.135580808081
0.132262556117
0.128047839506
0.126929012346
0.125135030864
0.124855324074
0.134490740741
0.124693111672
0.131980131173
0.126258680556
0.124729938272
0.127044753086
0.127516484287
0.132110339506
0.128617774972
0.129125192901
0.129921875
0.129543350168
0.129296875
0.125125385802
0.129705825617
0.13191303821
0.127571724186
0.131346450617
0.126335402637
0.125081983025
0.127739197531
0.132037037037
0.125940393519
0.133949979594
0.142605747315
0.138682254281
0.129973870651
0.134080825617
0.149487499087
0.131084024001
0.125048225309
0.134447776375
0.12900462963
0.146334198513
0.133001479441
