0.25
0.8996564903
0.967926606506
0.980970659924
0.987184788283
0.989989926994
0.991786811562
0.993048680515
0.993978845917
0.994682984953
0.995225724052
0.995676252228
0.996052244427
0.996371069444
0.996762436868
0.996985789258
0.9972922326
0.997456943633
0.99760217412
0.997733007669
0.997848548933
0.99795317923
0.998047688809
0.998134807096
0.998213964635
0.998287350197
0.998355592427
0.998417978129
0.998475693269
0.99852961741
0.998579764829
0.998626357029
0.998670148599
0.998711574106
0.998750117463
0.998786569837
0.998820519428
0.998853129648
0.998883880687
0.998912562607
0.998940060056
0.998966109218
0.998991582223
0.999015335331
0.9990381649
0.999059953653
0.99908056273
0.999100322332
0.999119347982
0.999137554215
