0.25
0.933618544527
0.978329882418
0.986708081707
0.990540438865
0.992648402225
0.993994593295
0.994918623841
0.995615367134
0.996127890294
0.996534464528
0.996876685896
0.997153363411
0.997378687509
0.997570809289
0.997743807081
0.997892682829
0.998023589924
0.998140062001
0.998241830666
0.998332560867
0.998414565146
0.99848696565
0.998551743316
0.998614451755
0.998670667279
0.998722889667
0.998770741473
0.9988161557
0.998855792776
0.998893899433
0.998931384577
0.998965230503
0.998996677789
0.999027272317
0.999054167272
0.999080589569
0.999106580453
0.999130616245
0.999152814091
0.999174331313
0.999195091565
0.999215026078
0.999233375179
0.999250932059
0.999267356359
0.999283237257
0.999298378912
0.999313149956
0.999327539383
