0.125
0.177148566813
0.229704718945
0.314013899491
0.487453748014
0.638185149344
0.697299585817
0.819963355622
0.931707456031
0.955279063665
0.966039304359
0.972816851212
0.976656673419
0.979752860701
0.982295429309
0.984365373048
0.985851856553
0.98706942004
0.988117930659
0.988971271112
0.989675841887
0.990334737832
0.990907498175
0.991423638961
0.991877907252
0.992285280223
0.992653452947
0.992988875899
0.993282539701
0.993565731581
0.993814564819
0.994053532601
0.994272570077
0.994477925214
0.994676951487
0.994854149072
0.995021572762
0.995255756868
0.995396882372
0.995608178402
0.99573517535
0.995853719341
0.995965690371
0.99607681296
0.996178985427
0.996335231152
0.996423651591
0.996513124747
0.996594523834
0.99667349795
