0.1
0.114696917641
0.120014676839
0.155041180915
0.195194891663
0.219744703519
0.216056655631
0.22824707631
0.285424405231
0.382271113393
0.416782749633
0.445093176944
0.491683928597
0.535449111792
0.57071633162
0.609882844695
0.637035221705
0.650062560397
0.661912424898
0.66513499214
0.669339328739
0.672581097075
0.675373728255
0.67782556969
0.679205940978
0.680773357923
0.681856980677
0.683139794496
0.684120136507
0.685514253096
0.686383559272
0.687255719689
0.687892947274
0.688428238211
0.688963596879
0.689534143289
0.689934783537
0.690402521608
0.690792933325
0.691105327852
0.691087442546
0.691522652777
0.691806725809
0.692063079327
0.692321849049
0.692541959469
0.69286493365
0.693012769704
0.693193490483
0.693452135979
