0.166666666667
0.166666666667
0.205962401796
0.175099206349
0.179698522928
0.330051547886
0.339164202931
0.369880309453
0.377319787821
0.375146336993
0.432563348049
0.546844835666
0.652844878058
0.867815889672
0.923708390804
0.950953620106
0.963091862982
0.969811892633
0.975724344684
0.978886629433
0.981410103541
0.98333508437
0.984930675892
0.986248108761
0.987330060407
0.988243913914
0.989056647502
0.9897876439
0.99040882521
0.990953279253
0.991432760692
0.991858032731
0.992264448394
0.992621559512
0.992948697519
0.993247403174
0.993522742478
0.993777640994
0.994011381884
0.994229830373
0.994432463765
0.994626319138
0.994806801687
0.994962943404
0.995117648837
0.995262982792
0.995403908334
0.995530347516
0.995652978941
0.995768123272
