0.125
0.148340986365
0.252555140407
0.389905310928
0.495596625481
0.637331101698
0.765216041356
0.868378008552
0.906535908245
0.927573904211
0.943093125031
0.952680825355
0.959242076204
0.964267500281
0.968155528945
0.971062996401
0.973898020537
0.976038537378
0.977837525661
0.979533871235
0.980847697423
0.98202924645
0.983092424721
0.984039356023
0.984875494123
0.985748055237
0.986411179423
0.987009615786
0.987563598484
0.988061361024
0.988531839029
0.988978195635
0.98938173547
0.989759768713
0.99010541109
0.99044114086
0.99074457508
0.991030275509
0.991298988599
0.991553440064
0.991799763571
0.992026943345
0.992244830147
0.992446797132
0.992642969211
0.992826664068
0.993000254998
0.993165560551
0.993323034485
0.993474332325
