0.126181520062
0.135124421296
0.13620807188
0.130864197531
0.135237268519
0.134349814923
0.129583333333
0.134640581956
0.13052179784
0.127292973931
0.128445247934
0.128324652778
0.126289544753
0.125067515432
0.131907354798
0.132874491442
0.127530162738
0.125043402778
0.126882540685
0.131870711535
0.135008680556
0.128584104938
0.129397183642
0.131843171296
0.143108380817
0.127518676347
0.126779513889
0.12700617284
0.13359339927
0.128423996914
0.1301746633
0.133732096852
0.128620580808
0.127753226712
0.12798992928
0.127072723765
0.127373649691
0.129841820988
0.126259645062
0.131820987654
0.131292735043
0.140810527944
0.132860725309
0.129003577441
0.130980526909
0.130457175926
0.134459613496
0.12924382716
0.128186878708
0.131767939815
