0.0714285714286
0.0930478415485
0.0841800618207
0.0896362321373
0.0995143127548
0.138977082447
0.187634182257
0.224319409471
0.269806441556
0.337959932669
0.392942489575
0.488395402235
0.548771735772
0.587182508189
0.617658715955
0.636173467674
0.690215516064
0.714058783405
0.736114506261
0.744717497943
0.755894036081
0.757240939269
0.764840840163
0.764357536017
0.771993677931
0.768698309863
0.769833164053
0.779910192143
0.795421217439
0.849270237583
0.877444551069
0.892154347728
0.899040145089
0.903655592048
0.906583271065
0.908272292518
0.909845268201
0.910538176118
0.911666845393
0.912567158357
0.913481545819
0.914285894356
0.914993788925
0.915598421865
0.916166295637
0.916622178964
0.917125880499
0.917515349084
0.91796481287
0.918301637176
