0.125
0.22669061161
0.289752892735
0.365708100166
0.43181929995
0.51310190177
0.60626831015
0.664775163067
0.722680454909
0.752297123357
0.794051884621
0.810447526313
0.823861551495
0.831059073068
0.836671567246
0.840775288253
0.844376997794
0.847429781506
0.8502339907
0.852469736294
0.853860100402
0.855472623097
0.856851647016
0.858005234796
0.858918160659
0.859756713308
0.860603784105
0.861283437265
0.861913018463
0.862524269321
0.863039613516
0.86348144696
0.863962003335
0.864479403293
0.864819671589
0.865087087566
0.86542142463
0.865692359278
0.865985786724
0.866261592403
0.866477548743
0.866662279467
0.866894281075
0.867117570374
0.867320653521
0.867499629067
0.867664201954
0.867850854314
0.868017435256
0.868187792322
