0.25
0.699551137564
0.735380239149
0.742051566305
0.744403883416
0.745758498622
0.746552750206
0.747112476193
0.747450932883
0.747794043013
0.748010178842
0.748199638467
0.748372191598
0.748508843371
0.748624622
0.748723087572
0.748814557362
0.748885181373
0.748943817018
0.749000945809
0.749052542947
0.749100947361
0.74913670975
0.749174382074
0.749208878
0.749242740077
0.749275467946
0.749306987367
0.749331764649
0.749355968692
0.749377479405
0.749397687145
0.749416902704
0.749434898846
0.749453487018
0.74946908434
0.74948397854
0.749497938332
0.749510600092
0.749523841834
0.749535946341
0.749547066249
0.749557831796
0.749568206833
0.749577683516
0.749587839565
0.749486866653
0.749498545423
0.749510187382
0.749520590886
