0.1
0.182220128733
0.234997097811
0.310526747782
0.471079728482
0.543257719987
0.574771965982
0.582193414323
0.613112608706
0.633243846658
0.648070904329
0.661963198806
0.675127064835
0.676211847745
0.683782679531
0.690283275347
0.688473359654
0.689210733987
0.7188475581
0.736385734049
0.757030991195
0.765747779199
0.77105271623
0.775456924307
0.777829892411
0.781288918915
0.783586364598
0.784735562129
0.785676338087
0.786519161185
0.786880539242
0.787596426024
0.78813284849
0.788888993782
0.789465120726
0.78980643507
0.790445458857
0.790852204236
0.791216946536
0.791653811324
0.791959951339
0.792299583213
0.792522068093
0.792808542164
0.793049969602
0.793283236563
0.793468429293
0.793709819622
0.793859174008
0.794023770111
