0.166666666667
0.736800110673
0.798603758414
0.812848779174
0.819025230877
0.822218028067
0.82426767789
0.825750002175
0.826777209826
0.827587096307
0.82816296367
0.828677386017
0.829071370769
0.829396971316
0.829357162511
0.829612232462
0.829860466849
0.83006711066
0.830252052062
0.830434710256
0.830586488358
0.830706566036
0.830830008093
0.830941125274
0.83104899896
0.831137446515
0.831219378146
0.831301457344
0.831374293818
0.831447614277
0.831512906461
0.831570700519
0.8316246108
0.831682000101
0.831731654646
0.831776970951
0.83186771044
0.831909551014
0.831950894976
0.83198708187
0.832020893484
0.832053060181
0.832084261802
0.832111219019
0.832142147074
0.832168344799
0.832193741654
0.832215688536
0.832239886518
0.832262919786
