0.0714285714286
0.0895839050582
0.110456464991
0.136442682147
0.165215762546
0.237852429943
0.274697105447
0.31676759751
0.38291252021
0.427014515181
0.485335570427
0.546780397629
0.582954170199
0.607624104736
0.627516643538
0.66869023998
0.686177081627
0.717312697323
0.743522751888
0.775036973959
0.800940608151
0.823603628834
0.846155614035
0.85657976471
0.866682775888
0.874387049532
0.880032966584
0.884039932999
0.887709379211
0.890368074537
0.892857954925
0.895085733809
0.897136377392
0.898934555936
0.900493558579
0.905188810533
0.903892929133
0.905100791563
0.906113986781
0.907002407445
0.912572459288
0.932847937464
0.950747196577
0.959098500519
0.965371287528
0.970217124049
0.972212344827
0.974833084385
0.976719348439
0.977718001913
