0.0833333333333
0.0897329907747
0.088449379209
0.101816055886
0.0942297157674
0.110621249695
0.119355097624
0.105928348121
0.100415482574
0.099384415708
0.147874479908
0.162982736431
0.189214392861
0.206157730902
0.21772408184
0.226050496179
0.236145331615
0.235218761588
0.299099210597
0.330212861511
0.361464442162
0.376275576485
0.4146202122
0.480215173236
0.518892369823
0.542023444192
0.580081657024
0.593419621276
0.615376433742
0.635146741263
0.642579368374
0.650269509218
0.662786879408
0.657954843699
0.670162888392
0.689564962621
0.725723789618
0.764635416077
0.786787167046
0.797195085097
0.805251021577
0.814394420018
0.815198474213
0.815022671014
0.819904332037
0.818161676838
0.819278888376
0.823654240659
0.822025527228
0.822823714455
