0.0833333333333
0.08476151062
0.0891495832389
0.0853647887903
0.0860843926657
0.0848661259376
0.0851295748411
0.0840666888057
0.0847581142911
0.0843904302352
0.0847427399625
0.0848945125387
0.0849908257188
0.0844828089849
0.0845763477975
0.0856723242798
0.0856323160839
0.0847894220147
0.085786681331
0.0839305281613
0.0847924689271
0.0840524326101
0.0835431929182
0.0854760779641
0.0864836897941
0.0873131627733
0.0863788648267
0.0870882866625
0.0860028059547
0.0866367758477
0.084320365227
0.0853703375252
0.0852851183208
0.0866771435727
0.084388990639
0.0852385826125
0.0849659053299
0.0875378923759
0.0867427227712
0.0839937306283
0.0848701372396
0.0883811505234
0.0851371613734
0.0840246190521
0.0835221580414
0.0833626843242
0.0866664039054
0.085806568025
0.0866018596788
0.0850700733942
