0.125
0.161874654598
0.229916424824
0.330942456783
0.480847663757
0.542873151644
0.615567834774
0.656196657169
0.67986266863
0.749991088628
0.786235900109
0.834312590528
0.903898744382
0.931406135078
0.948003207436
0.95738369811
0.963594024555
0.968592155218
0.972100291211
0.974539259742
0.976904278756
0.978640782686
0.980333196296
0.98160969036
0.98274727196
0.98373878553
0.984642422839
0.985442514617
0.986221460327
0.986875443423
0.987451409926
0.987973385942
0.988462980296
0.988991064042
0.989423100687
0.989810192524
0.990162022033
0.990491393452
0.990798332563
0.991091439537
0.991359463794
0.991615668499
0.991856363921
0.992084732272
0.992300429716
0.992506799718
0.992700661622
0.992886809306
0.993061564834
0.993225637622
