0.0833333333333
0.0839686102955
0.0833333333333
0.0863696022263
0.088949272729
0.085138791984
0.0856706860985
0.0833592251003
0.0832515698587
0.0845681608012
0.0862568462129
0.0839510891904
0.0851736604288
0.0845428775736
0.0873340547554
0.0860483854035
0.0880952380952
0.0863823537102
0.0843486604807
0.0859810909636
0.0850467929337
0.0839383830455
0.0833333333333
0.0874869746243
0.0866419132434
0.0851864873442
0.0833333333333
0.0870028539202
0.0840583028083
0.0850555648423
0.0883948078579
0.084012651535
0.0857118041496
0.0844441355602
0.0887615861872
0.090930889488
0.0840147605135
0.0844536695851
0.0855523680779
0.0846062190308
0.0833182424204
0.0840773809524
0.0855249351343
0.084509314172
0.0833592251003
0.0850773742036
0.0838097317512
0.0869028569744
0.0849462332332
0.0846762226971
