0.0714285714286
0.0763354294848
0.0762878818626
0.0773322463455
0.077578316921
0.0774834970776
0.0744952370829
0.0816805967992
0.0945785460973
0.0877528508021
0.0815658247071
0.0739725253516
0.0826959433288
0.0843668766941
0.0991055828022
0.0885768575579
0.080014403663
0.0754490600014
0.0776381334961
0.0891498254133
0.0874633995893
0.0836382599663
0.079895830194
0.0748041132939
0.0776156742188
0.0800538835038
0.0815176873168
0.0780298982087
0.0766135747792
0.0798418212341
0.0829324100555
0.0806169769304
0.0730191846234
0.0817107670346
0.0801678883334
0.0807088658944
0.0885762145198
0.11106362971
0.128688484622
0.141574417728
0.148076644395
0.176708818918
0.178961195026
0.1948332541
0.190213915544
0.206917688562
0.202987596351
0.198269785308
0.1940138456
0.202119024416
