0.1
0.119819179635
0.134154818451
0.105831248117
0.145961755471
0.110294252044
0.219917294489
0.247995288263
0.327977337816
0.381844709176
0.517250826483
0.581800993226
0.656738952012
0.719622409652
0.741551685863
0.760284050952
0.769485324903
0.775310495133
0.781125604683
0.783062509052
0.785107862032
0.785974302456
0.78570839538
0.786851627343
0.788743165197
0.788863597308
0.797762460409
0.815770010298
0.807052202551
0.823182111845
0.850426213135
0.861712964337
0.870926291379
0.876249176922
0.880402138281
0.882676151252
0.884676112985
0.88617970325
0.88701946939
0.888078940672
0.888860587319
0.889548714761
0.890109424634
0.890737221746
0.891113843827
0.891513660076
0.891830757391
0.892243025374
0.892539586231
0.892753977803
