0.25
0.801012598046
0.94885158528
0.972696655506
0.981159145496
0.985618188525
0.988371314577
0.990218024372
0.991581318565
0.992604629983
0.993408243399
0.994048793174
0.994583712361
0.995026470458
0.995405365374
0.995730995968
0.996013248658
0.996261776954
0.996480870768
0.996675642672
0.996848176501
0.997005006388
0.997146564473
0.997275335755
0.997394212368
0.997502872485
0.997602234195
0.997693489923
0.997778053069
0.997856666807
0.997930303967
0.997998551686
0.998063012929
0.998123929039
0.998180843328
0.998234230399
0.99828482125
0.998332500705
0.998377530016
0.998419985023
0.998460659039
0.998499256428
0.998535829078
0.998570683602
0.998603970444
0.99863589596
0.998665970897
0.998695027358
0.998722834897
0.998749265094
