0.0714285714286
0.086151880951
0.103610592136
0.119331498873
0.225992602003
0.269142132533
0.293196309588
0.321176495678
0.414331379493
0.485931427902
0.575010597229
0.614751542902
0.670890428282
0.701464276629
0.721542052382
0.733292765704
0.741245039667
0.747501106597
0.751949327969
0.759234361737
0.761220509145
0.764496452004
0.764591037023
0.766272495715
0.767914922399
0.779469188337
0.784374368352
0.800957332494
0.819937793236
0.826429160883
0.83084243144
0.834316024521
0.836372047819
0.837795164621
0.839439449607
0.840849143511
0.841618474386
0.842474536393
0.843283117322
0.843925543843
0.844597557454
0.845215984859
0.845633283783
0.846120175582
0.846578379862
0.846997991849
0.847273213964
0.847641257729
0.847964697869
0.848238771725
