0.1
0.154246213959
0.258323958679
0.366295301506
0.439600148685
0.488291452593
0.558400440692
0.650724965569
0.70286663072
0.759260139139
0.799842445854
0.828984825808
0.847798549745
0.857028899614
0.862701192033
0.867114254017
0.870581205753
0.873254483075
0.875381281085
0.877512153864
0.879076909734
0.880601032294
0.881766319669
0.882875692112
0.883804356276
0.884591529484
0.885393576011
0.886097296298
0.886710523033
0.887260543997
0.887806949781
0.888281875205
0.888729782445
0.889123599242
0.889491046595
0.889840956388
0.890181049698
0.890477236312
0.89076573988
0.891040256589
0.89128939953
0.891539046736
0.891769197683
0.891984742229
0.89218976209
0.892403832907
0.892600328668
0.892780269222
0.892951905318
0.893111495585
