0.173900462963
0.266493676055
0.699815651198
0.859801547344
0.923533984595
0.947209251308
0.960400761044
0.967982481551
0.973692746188
0.977549224151
0.980329872688
0.981442485327
0.983510525379
0.985207630052
0.986450004784
0.987675452109
0.98874546772
0.989498912468
0.990165809275
0.990753862928
0.991274859703
0.991735441436
0.992273688952
0.992635370513
0.992968745177
0.993273739855
0.993559951542
0.993818654668
0.994058882744
0.994281801453
0.994487289068
0.994680095488
0.994858741037
0.995024210212
0.995181641231
0.995326472211
0.995465437501
0.995593847569
0.995716954008
0.995833493939
0.995943334976
0.996048310519
0.996147980592
0.996243133042
0.996333385295
0.996418634806
0.996499177267
0.996577400012
0.996651218326
0.996723318321
