0.0833333333333
0.142336247582
0.230818379459
0.408447922981
0.558598451017
0.62344626602
0.666829206059
0.698541299596
0.710233569963
0.729087770394
0.752837371082
0.766004266598
0.793826761959
0.801412980258
0.807274789101
0.809957617886
0.812052659069
0.813110960645
0.814403040251
0.815808934454
0.817084388006
0.818449990134
0.81950959459
0.820248615604
0.82115044599
0.821782908595
0.822361948547
0.822906771268
0.823371086579
0.823802190335
0.824214020459
0.824413472996
0.824661531923
0.825068743705
0.825347207723
0.82562784384
0.825886413757
0.82614191891
0.82637076627
0.826563521753
0.826751096147
0.826986799038
0.827179799732
0.827409054707
0.827611883343
0.827752099615
0.827906119897
0.828044970578
0.828166757447
0.828295693411
