0.1
0.139092836257
0.157893568582
0.196539649525
0.221060896425
0.282844391573
0.36706106805
0.39051149535
0.43173756945
0.491849632381
0.53728729205
0.574445029349
0.596825620314
0.641469260015
0.695762408649
0.762336640748
0.771479498775
0.777591404068
0.778347853433
0.81938223922
0.849346657591
0.862340052717
0.868957351667
0.873681167681
0.877514530695
0.880343618179
0.882374814084
0.88353983075
0.884744541271
0.885756583811
0.886660517273
0.887399904378
0.887987861914
0.888636357302
0.889173883168
0.889650448655
0.890104930357
0.890627558392
0.890998628145
0.891342488056
0.891660413874
0.891958238353
0.892220072788
0.892480826946
0.892705483545
0.892939589583
0.893151673689
0.893353376433
0.893538716062
0.893711935807
