0.1
0.180350375401
0.320846198182
0.532794311336
0.696157257628
0.767494456174
0.807254635092
0.828194923073
0.842857056293
0.852370052161
0.859416529801
0.86482990964
0.86918166666
0.872494941571
0.875117384547
0.877324046879
0.879191950734
0.887420542042
0.91211273966
0.964825290312
0.968415331391
0.973419740216
0.97674778582
0.979238194331
0.980753564414
0.982089749218
0.983211038669
0.98420280136
0.985032737287
0.985870397728
0.986550486715
0.987188904233
0.987728044006
0.988212137668
0.988679240359
0.989164392837
0.989534726686
0.989886272584
0.990221492082
0.990524134986
0.990812969417
0.99108460671
0.991321631879
0.991580046793
0.991806241954
0.992039377604
0.992236122681
0.99242659481
0.992606434579
0.992785816075
