0.25
0.728720773284
0.740400316987
0.743754028157
0.745293363736
0.746180631853
0.74683586523
0.747255974286
0.747607333432
0.747861983921
0.7480867257
0.748254065389
0.748413477585
0.74854860718
0.748649386002
0.74873742988
0.74880959275
0.74887618141
0.748941839597
0.749001542706
0.749053869757
0.749098342237
0.749143356743
0.749178578892
0.749218321403
0.749250704449
0.749281261342
0.749309572202
0.74933222927
0.749357496221
0.749379383198
0.749400702278
0.749419941504
0.749438032969
0.749455513296
0.749471201097
0.749487055588
0.749500744161
0.74951481696
0.749528280077
0.749540092761
0.749551186115
0.749562377452
0.749572058357
0.749581217289
0.74958882187
0.749598741459
0.749607501647
0.749615448507
0.749624412925
