0.125
0.262489591236
0.380959054319
0.428719006349
0.644074840262
0.685793532362
0.708555938698
0.718437920874
0.724441837518
0.72833008677
0.731108575571
0.733320544836
0.734979059834
0.736538257293
0.737770796456
0.738722845557
0.739530376482
0.740205921534
0.740848857778
0.741406651008
0.74195882094
0.742397539404
0.74277918912
0.743079259729
0.743360759841
0.743642245809
0.743902176455
0.744116136687
0.744357455578
0.744521454065
0.744716958161
0.744915587017
0.745118561188
0.74526683995
0.745374885675
0.745523541588
0.745634420493
0.745785944361
0.745912215075
0.746022296778
0.746136835097
0.746250567244
0.74635903212
0.746320285506
0.746402777449
0.746474806538
0.746559330305
0.746619469428
0.746753497146
0.746822801276
