0.0833333333333
0.0852257286873
0.0847207966027
0.0837134286654
0.084610269157
0.0859451522226
0.0841903822673
0.0851129817476
0.0844912299239
0.0849055680786
0.0851413543721
0.0851959716743
0.0844943746729
0.0860257584296
0.0849085031777
0.0849893581693
0.0854083505526
0.0853698728012
0.084749714317
0.0844885743581
0.0846035708416
0.0844070904167
0.0840592811747
0.085739835053
0.0859384855602
0.0877286833537
0.0844135895647
0.08487964137
0.0851316685451
0.0860550646952
0.085924932103
0.0846142944357
0.0855452240068
0.0862099065464
0.0836510088914
0.0832751205347
0.085555063577
0.084526451113
0.0848885165506
0.0844771833783
0.0867307105288
0.0845140258602
0.0851404738424
0.0847808263674
0.0855270613341
0.0858087644575
0.0868196966184
0.0854505600728
0.0846915154951
0.0848528760617
