0.25
0.360700757576
0.648282813536
0.878584127125
0.938010741304
0.959537375724
0.969473994831
0.975440536976
0.979560034047
0.982443499648
0.984639363704
0.986360976997
0.987723966861
0.988852164777
0.989802968509
0.990590863614
0.991256447243
0.991850869081
0.992360108058
0.992808579115
0.993200398727
0.993556915583
0.993885223581
0.994171613218
0.994441926055
0.994686461323
0.994908395632
0.995115523643
0.995306596634
0.995483003122
0.995644221303
0.995796423907
0.99593849834
0.99607150477
0.996194168042
0.996309290934
0.996419628083
0.996522612338
0.99661993008
0.996711659338
0.996798924343
0.996880596112
0.996959677756
0.997034687361
0.997106416693
0.997174064207
0.99723909666
0.997301356048
0.997360307337
0.997416698709
