0.25
0.709555281078
0.734013041472
0.928862231566
0.977250607661
0.984354213133
0.988306275985
0.990854126839
0.992419554259
0.993393051192
0.994139185578
0.994725081125
0.995215251998
0.995621507352
0.99608101049
0.996488690916
0.996729687483
0.996941294772
0.997129918216
0.997294006411
0.997442157276
0.997571118972
0.997761993517
0.997865701591
0.99795582293
0.998041139513
0.998117826192
0.998191350607
0.998259532667
0.998319755297
0.998377797434
0.998431910353
0.998482499865
0.998529590652
0.998574014252
0.998617674139
0.998656115147
0.998693146037
0.998773319902
0.998806419614
0.998837654224
0.998867564048
0.998895021083
0.998921279711
0.99894678173
0.998970356019
0.998994065539
0.999015542631
0.99903606549
0.999056694424
