0.166666666667
0.446220918457
0.576756202808
0.616911677564
0.772470058811
0.799531267742
0.807610704078
0.811416705932
0.815119094188
0.817166510716
0.819396734569
0.821229593019
0.822456981075
0.823591120757
0.824661209937
0.82535008202
0.825906694878
0.826410167877
0.826829379786
0.827209268595
0.827519765836
0.827693870809
0.828055955173
0.828248359415
0.828483024674
0.828685455271
0.828948607707
0.829131746814
0.829154569818
0.829300236604
0.829444368038
0.829619220159
0.82973422003
0.829853412828
0.829842213558
0.829964159162
0.830068925962
0.830162396429
0.830249770127
0.83034258017
0.830438478553
0.83053748346
0.830643006347
0.830705748596
0.8307650156
0.830830846327
0.830886878212
0.830937532266
0.830989047722
0.831068845817
