0.125
0.33409507032
0.509176441547
0.610306083041
0.683720488964
0.709260015564
0.720814769835
0.727322006291
0.730802490726
0.733727091032
0.73539976458
0.737028557686
0.738408436258
0.739356240054
0.740373617552
0.741081696697
0.741730290361
0.742344950967
0.742939843512
0.743445660911
0.743907257695
0.744264549641
0.744583711859
0.744827552214
0.74505992904
0.74526658431
0.745462502584
0.745645062702
0.745820720854
0.745990964388
0.746132590604
0.746265084104
0.74639619221
0.746517276497
0.746675958964
0.746785778714
0.746886864412
0.746971299658
0.747050348364
0.747126632571
0.747082485482
0.747158944946
0.747232104331
0.747284938201
0.74735188432
0.747405602512
0.747464776369
0.74752130528
0.747611962564
0.747663076427
