0.125
0.317947378695
0.425758582961
0.484974709805
0.52749554595
0.564808242153
0.579432786769
0.679906186213
0.75562955973
0.814944696406
0.831747946542
0.838773055475
0.844916976635
0.848639791109
0.85183885019
0.854383292837
0.856493591976
0.858345145876
0.859965408885
0.861115661101
0.861973728075
0.862747218188
0.86352128375
0.864173963101
0.864750612724
0.865259887539
0.865712490929
0.866115408112
0.866501699881
0.866839716152
0.86716718375
0.867478788314
0.867750768278
0.867994988016
0.868232324592
0.868437480143
0.868646650816
0.868851358027
0.869070001651
0.86924375423
0.869453070891
0.869605071937
0.869752229378
0.869894444851
0.870032705768
0.870166514248
0.87028478776
0.870395875244
0.870504016594
0.870600958271
