0.166666666667
0.210694012777
0.437556273045
0.595188917354
0.867416840445
0.925306557603
0.948298828066
0.962362804056
0.969386645411
0.974424104832
0.977913982952
0.980616110065
0.982750996267
0.984448451878
0.985852322409
0.987039551539
0.988037542739
0.988887936366
0.989802766335
0.990449624973
0.991021059766
0.991537731017
0.991982108479
0.992379189553
0.992741697073
0.993080024708
0.993384457789
0.993658046174
0.99391278931
0.994149975509
0.994367204917
0.994569517549
0.99475873405
0.994936199024
0.995101739684
0.995254937536
0.995400608091
0.995537369048
0.995667302838
0.995788768271
0.995903020226
0.996010785398
0.996113677484
0.996211224641
0.996304573028
0.996392497479
0.996477671782
0.996557429883
0.996634945247
0.996707579859
