0.25
0.68806286228
0.724787582654
0.736972644244
0.738635781906
0.741573170428
0.743629120659
0.744613415816
0.745262580282
0.745860230361
0.746361583513
0.746989963529
0.747251766956
0.747470079661
0.747685478403
0.747828302693
0.748129853001
0.748255310341
0.748361083941
0.748459165067
0.748533808074
0.748599847198
0.748665596677
0.748725635699
0.748776740072
0.748822912047
0.748872846602
0.748920228612
0.748959805995
0.749002166019
0.749031929159
0.749064283428
0.749093666775
0.749124947727
0.749148833678
0.749174479569
0.749196975404
0.749220563963
0.749239789536
0.749259502246
0.749277532248
0.749294422979
0.749311253042
0.749326648539
0.749340295182
0.749354594853
0.749367429276
0.749380570333
0.749394281305
0.749406332825
