0.1
0.130226374723
0.113600224811
0.120717820671
0.11027902287
0.124183432278
0.142367807582
0.142274263904
0.202974353345
0.221413962493
0.249522338136
0.319672145084
0.375441674007
0.437625855463
0.460538135145
0.482914469753
0.522024318394
0.54418983917
0.583923834002
0.58331331626
0.610075315189
0.662858827883
0.698208293812
0.745796507371
0.787296630757
0.814577291375
0.83150564428
0.841306628085
0.848608285684
0.854393333332
0.859918834348
0.863499687025
0.867099905223
0.869340616454
0.871064690331
0.873187980005
0.874656607138
0.876014322532
0.877178122676
0.878388981715
0.879551095731
0.880410704412
0.881237420726
0.882132181037
0.882837052056
0.883500293444
0.884123463017
0.884677949493
0.885237265288
0.885744208589
