0.1
0.111115327381
0.116267876288
0.11752998178
0.138841293205
0.141854859317
0.201681800047
0.286250343142
0.348037741588
0.443815811136
0.522395265712
0.57534705651
0.611264136819
0.629956762009
0.644095230835
0.651040482868
0.659655189415
0.662345593643
0.671415399864
0.669127728622
0.678431213851
0.703604746971
0.736034511931
0.751268354915
0.757960033074
0.766209659708
0.770657710826
0.773301458424
0.775589316762
0.777023533855
0.779067617763
0.780462575382
0.781796791216
0.783275509795
0.784345490218
0.785187357977
0.786089338376
0.786732587005
0.787329014572
0.787882638296
0.78854167604
0.78906792532
0.789523490668
0.78998993729
0.79033888995
0.790641230445
0.790981088191
0.791357392727
0.791623897223
0.791789976647
