0.125
0.330099172082
0.511876294595
0.701907410665
0.861748845795
0.918194933827
0.942564590471
0.954811888134
0.963306622644
0.969132271026
0.973158300295
0.976363665987
0.978801636211
0.981101284724
0.982784049497
0.984286660745
0.985458694497
0.986465529111
0.987332404931
0.988088050879
0.988754112501
0.989458279734
0.990002506974
0.990480949787
0.990922373382
0.99138756699
0.99174955401
0.99208460258
0.992391455769
0.992672220763
0.992937550642
0.99318409735
0.993418107893
0.993631805127
0.993833214929
0.994023935431
0.994200997001
0.994371035879
0.994531002763
0.994682285398
0.994822516119
0.994957299507
0.995085081844
0.995205399995
0.995322369281
0.995430010203
0.995534317806
0.995634674348
0.99576389578
0.995887230124
