0.166666666667
0.383001985706
0.735236931112
0.795846104073
0.810106985427
0.816502083862
0.819923016988
0.822933925529
0.824752821771
0.825929585918
0.826812553727
0.827493106602
0.828209862756
0.828630028201
0.828991436187
0.829309215459
0.829606401969
0.829850443393
0.830055289259
0.83023988018
0.83041092521
0.83055765757
0.830701849253
0.830828114969
0.830931503703
0.83102958045
0.831123312892
0.831204180615
0.831281704734
0.831353003314
0.831418040138
0.831485289038
0.8315466004
0.831604738386
0.831658469352
0.831707402872
0.831755448195
0.831798297108
0.831838831502
0.831922166344
0.831960405708
0.831993165199
0.832028334349
0.832059960139
0.832089071037
0.832017410231
0.832046789042
0.832072312837
0.832099184835
0.832154941066
