0.1
0.162615217521
0.321984326526
0.465583841665
0.627076974524
0.700673685817
0.731022786289
0.744036547058
0.75337249906
0.762872412274
0.770594321669
0.776264437729
0.779425675501
0.781669647672
0.783771372447
0.785390178224
0.786600053426
0.787679721621
0.788575708179
0.789388164485
0.789997854129
0.790612171299
0.791110135197
0.791550285173
0.792014883568
0.792355267866
0.79271130821
0.793102524238
0.793425396613
0.793697294616
0.793735244991
0.794080665532
0.794323745578
0.794565585475
0.794749285505
0.794928090884
0.795075564273
0.795221882479
0.795366704826
0.795494192749
0.795624520192
0.795745414307
0.79586440251
0.795971025744
0.796064841458
0.796164118268
0.796249756743
0.796413520578
0.796499937258
0.796578526009
