0.125
0.184029777512
0.230974085894
0.319022585746
0.512649669539
0.680602882771
0.704600935688
0.728515081516
0.799391852864
0.823538333782
0.840205446335
0.846726954838
0.851511759667
0.855289868198
0.857650647132
0.859456936924
0.86098046231
0.862279076045
0.863313387834
0.864254220563
0.86497230255
0.865633504358
0.866230757073
0.866742447852
0.867207166307
0.867600568151
0.867963802724
0.868292417048
0.868601745269
0.86895383313
0.869255933355
0.86948886398
0.869696633037
0.869948660381
0.870128475244
0.870286222717
0.870429881554
0.870558703044
0.870697573355
0.870823077203
0.870943167337
0.871050598774
0.871162187392
0.871264090473
0.871360994516
0.871457137792
0.871602607439
0.871687316389
0.871768782572
0.871843635151
