0.166666666667
0.402871690955
0.490362679375
0.671325786895
0.851014288266
0.9252805905
0.950407353502
0.963073819173
0.970719810572
0.975548641613
0.979065862441
0.981672717361
0.983589746285
0.98518276361
0.986486565043
0.987573723813
0.988501038225
0.989306677907
0.990021158602
0.990649035976
0.991199432418
0.991688702273
0.99211017922
0.992495995092
0.992843447522
0.993172021603
0.993465806265
0.993732760289
0.99397946174
0.994210322338
0.99442845322
0.994626595443
0.994811111112
0.994984312391
0.995146869609
0.995301667575
0.995445485656
0.99557797066
0.99570406312
0.99582511034
0.995937073648
0.996042807901
0.996144689703
0.996240626837
0.996332010045
0.996420109069
0.996502886151
0.996581372011
0.996657625003
0.996730449973
