0.0857419742588
0.0977608092434
0.0893266655357
0.0908675740278
0.10111535924
0.0958316371771
0.101154283739
0.103059378064
0.102384246686
0.106707109115
0.133881038304
0.134158301821
0.135927907597
0.173342085687
0.208131830488
0.228035268094
0.281950012724
0.323551483544
0.338090929967
0.352064497073
0.349375954431
0.384061714831
0.388204049795
0.441071310708
0.474045001897
0.490147519617
0.489624619569
0.518992714455
0.522677821216
0.543631449611
0.576750186521
0.647690442962
0.664771653754
0.713707215478
0.749335845296
0.765449524825
0.780004812139
0.789511421535
0.794796665472
0.799223757187
0.801710001208
0.804946215333
0.807591591274
0.809529806458
0.811105689501
0.812471807254
0.81367037674
0.814769428044
0.81574969865
0.816892664965
