0.179526748971
0.482851585249
0.716982597687
0.768576880678
0.806608285684
0.85442644062
0.891766318039
0.92122654003
0.938300087062
0.951838413396
0.961439392531
0.967372860451
0.970058687456
0.974205032224
0.9774493302
0.980265348705
0.982223003234
0.98383949264
0.985059180823
0.986431063927
0.987334820103
0.988099043491
0.988859032731
0.989428648064
0.990058835194
0.990558126489
0.991325143849
0.991686540821
0.992009333839
0.99255744369
0.992846457701
0.993154811345
0.993400327119
0.993633004387
0.993881023803
0.994086960359
0.994271117044
0.994536407626
0.994748190613
0.994913203693
0.99505725786
0.995187532023
0.995303733793
0.995467213749
0.995627685036
0.995724816324
0.995903650852
0.996042687404
0.996130347372
0.996218691192
