0.0714285714286
0.093723761691
0.0787186769107
0.0733509224058
0.0783423742761
0.0743152446418
0.0751742744673
0.0773178855702
0.0728947455606
0.0763493377769
0.0757832554042
0.0927314160541
0.105193181266
0.14025926995
0.159900854289
0.171272211888
0.178138206169
0.183298320084
0.191097363186
0.186300575558
0.184499007739
0.186062228236
0.185628222587
0.188677640004
0.188211471828
0.190648072424
0.189909502901
0.201243336999
0.198680618621
0.193315021184
0.192201241765
0.194503001545
0.196352266351
0.210715974241
0.209847951274
0.205724608716
0.204528590197
0.211385118881
0.215224715865
0.282198057637
0.292203755114
0.325140407043
0.338316622799
0.363924760663
0.386567820372
0.397313058956
0.424194271609
0.462525411784
0.486565580134
0.502565967846
