0.0714285714286
0.0928580104491
0.128661705412
0.146972760907
0.162875076282
0.210771512304
0.283789340631
0.401271036985
0.509591839992
0.593642595222
0.637384977952
0.663831665767
0.698817204219
0.7424928215
0.787264165469
0.805872101986
0.815887411635
0.821095412625
0.836481270577
0.846289211677
0.87952524907
0.890308357791
0.896307549115
0.900002948168
0.902511745891
0.904754643742
0.906694437951
0.908374903975
0.909758120421
0.911081948674
0.912081877881
0.912928521958
0.913730671211
0.914383212777
0.915010202037
0.915563049529
0.916135467789
0.916682275998
0.917113550925
0.917553485752
0.917910528729
0.918267250405
0.918667718509
0.918963188928
0.919245079743
0.919509053078
0.919765178884
0.92000873246
0.919921715477
0.920143896712
