0.0833333333333
0.0938895060204
0.0963870146197
0.0937427140222
0.0997918207341
0.0973158312146
0.0905863529027
0.0956236794605
0.0900725628617
0.0945256268941
0.0852825356333
0.102844854045
0.103421485004
0.114316846809
0.133701360781
0.125002229714
0.134577193927
0.142077023574
0.165684602612
0.207899433376
0.226010025529
0.292508137681
0.32541996567
0.33625985632
0.381634343624
0.404715113227
0.435677563564
0.47059795855
0.488664899641
0.511284615422
0.498692618225
0.496035217663
0.50494052736
0.507475881641
0.517193631416
0.531399772842
0.561522617711
0.622375403959
0.692586121185
0.746547934937
0.773438515341
0.785438979716
0.799764506378
0.822324623
0.819095530536
0.812834561635
0.813815662922
0.836958511876
0.845612761456
0.86049800684
