0.109846153846
0.172070867347
0.257419194375
0.385819805392
0.580729093754
0.690478391172
0.813994613389
0.848413974341
0.862054291967
0.869511506574
0.874485960302
0.878133484244
0.881190424332
0.88335376487
0.884966349672
0.886339289153
0.887417352407
0.888453161948
0.889323266421
0.890028729571
0.890577718352
0.891215990987
0.891669828016
0.892155678392
0.892541165595
0.892906148663
0.893221304476
0.893502185645
0.89376493869
0.894005167668
0.89422864183
0.894438286012
0.894631307876
0.894844608034
0.895052512437
0.895214483125
0.895354342942
0.89548661252
0.895615893588
0.89574234741
0.895865188557
0.89598037356
0.896087963206
0.896186666743
0.896289314212
0.896378313381
0.896464685515
0.896546336757
0.896664003837
0.896738753506
