0.25
0.943777626911
0.976415740094
0.985193631647
0.989101855295
0.991425945794
0.992909029689
0.993966139035
0.994759972267
0.995365593371
0.995849196721
0.996236194084
0.996558642142
0.996831059364
0.997062223966
0.997260640682
0.997434706291
0.997588792745
0.997725377073
0.997846931767
0.997957092548
0.998056512861
0.998146384773
0.998227556519
0.998302589578
0.998370894253
0.998434766127
0.998493725385
0.998547821661
0.99859853656
0.998646012651
0.998689971853
0.998731338129
0.998770345854
0.998806954546
0.998841218792
0.998873825939
0.998904545856
0.998933725938
0.998961573393
0.998987840422
0.999012909875
0.99903664973
0.999059404702
0.999081130702
0.999101741356
0.999121421558
0.999140291827
0.999158392557
0.999175726602
