0.25
0.807903028687
0.974156529526
0.985280524842
0.989852335844
0.99225721339
0.993725934791
0.994745189541
0.995488448817
0.996033763254
0.996469111481
0.996819219353
0.997098494477
0.997325358243
0.99752453729
0.997703270621
0.997857788268
0.99798892322
0.998100549922
0.998206553713
0.998303955783
0.998388050015
0.998464403859
0.998534135633
0.998596517983
0.998654302444
0.998708696109
0.99875963457
0.998804486549
0.998846927977
0.998887709239
0.998924054276
0.998958756292
0.998990735169
0.999021439989
0.999049093291
0.999076212527
0.999101723961
0.999126259229
0.999148549271
0.999169680556
0.999190123955
0.999209666373
0.999227655953
0.999245990524
0.99926258838
0.999277805408
0.999294206562
0.999309799205
0.999324338031
