0.0833333333333
0.0960033692474
0.13259313969
0.244462346953
0.290060999986
0.330073604104
0.379765229733
0.433586180326
0.491332600771
0.534329139249
0.587794636561
0.623962552355
0.671537222499
0.705086241303
0.71231148949
0.724973776153
0.743384606424
0.774185360815
0.805406781241
0.827464184483
0.849255007077
0.860322344855
0.869262823942
0.875567246088
0.879993026936
0.887072455626
0.923633922782
0.938576802885
0.946353831917
0.95896423949
0.963731025323
0.967554819144
0.970655890059
0.972757038581
0.974665790902
0.976382417587
0.977663452641
0.978861412564
0.980080809326
0.981085522911
0.981851705902
0.982641941421
0.983275417339
0.983881274415
0.984444307622
0.985059357013
0.985488461525
0.98593556903
0.986380910756
0.986755807331
