0.0714285714286
0.072813119571
0.0718801248178
0.0759894761702
0.0743989839578
0.0722067903641
0.0752035337945
0.0736286275836
0.0742029625703
0.0723104935178
0.072563210304
0.0720392261567
0.0754645678317
0.0731665405498
0.0743684019436
0.0728277183889
0.0735262744042
0.0728877167186
0.0726611974155
0.0720304907677
0.0713882477594
0.0722982192629
0.0728375905174
0.0732488882999
0.0737302191236
0.071884483842
0.073233553342
0.0736327787563
0.0724565719145
0.0719306770327
0.073174567446
0.0719359072994
0.0727727813734
0.0714285714286
0.0718981047969
0.0733912321217
0.0723994746019
0.074791130738
0.0745597844856
0.0730959351093
0.0728084845049
0.0725253196149
0.0719306770327
0.0738751868555
0.074983583555
0.0713350340136
0.0724907928163
0.0714285714286
0.072188681028
0.0722978398811
