0.1
0.11613758668
0.11916444793
0.165676722663
0.230823276865
0.253765868256
0.256895049474
0.271452257858
0.302899022234
0.364281210164
0.410635177276
0.41904875061
0.436970578794
0.496144803328
0.623634894511
0.725231386523
0.748850025283
0.762205115453
0.774849577881
0.789764283288
0.789608050195
0.804366038353
0.800617610585
0.832533401046
0.851815827092
0.860361623632
0.867981425025
0.871524455036
0.876766806993
0.879066693965
0.881539818521
0.883256179957
0.884506753867
0.885596369043
0.88653492324
0.887436521818
0.888032113243
0.888798269428
0.889417595806
0.889841095436
0.89034264924
0.890750055998
0.891161037057
0.891476495704
0.891785602888
0.892076864522
0.89235204987
0.892634442338
0.892867912503
0.893128409614
