0.125
0.125869605655
0.131494708995
0.128051973104
0.128446759259
0.130688413149
0.128874255952
0.12708912037
0.127316866851
0.144882357804
0.127190393519
0.129074074074
0.13117835097
0.13029307209
0.125
0.133480930335
0.124065393519
0.13095425485
0.125193865741
0.128178240741
0.12762797619
0.12666087963
0.130342785494
0.125
0.148232323232
0.1265
0.135
0.12716848545
0.154038404882
0.12613723545
0.127039241623
0.132476789848
0.129871968695
0.172172619048
0.141731927409
0.131372464727
0.129178240741
0.13170401936
0.126385168651
0.123761987434
0.154816543052
0.127261766975
0.12708912037
0.131498015873
0.13320116843
0.127481060606
0.128978174603
0.130088899912
0.127806712963
0.125
