0.128828125
0.176902264847
0.253130647303
0.276088780591
0.35284591385
0.376481667012
0.449122926385
0.518744246797
0.587321591517
0.641908030054
0.691969497788
0.748964063416
0.802083197346
0.879935390903
0.9252646562
0.94186806352
0.952753077058
0.961337890348
0.966259717609
0.970118633445
0.973023155507
0.975433369596
0.977271359961
0.97899429936
0.980473693902
0.981648337596
0.982828281083
0.983839269801
0.984683598751
0.985484003496
0.986152772169
0.986782398205
0.987357956009
0.987970876978
0.988453015579
0.9889000695
0.989315246063
0.98970536856
0.99005185377
0.990378687548
0.990682749827
0.990966243046
0.991297025487
0.991547140027
0.991780922906
0.992004038897
0.992216280758
0.992417744938
0.99261217725
0.992794928852
