0.0714285714286
0.0971214867787
0.115589877736
0.16040195794
0.226784976716
0.250097034413
0.341192061942
0.400314618107
0.454134136694
0.476648213593
0.479059102882
0.487480649278
0.49722157672
0.549843654312
0.575558378467
0.600560705419
0.612327908218
0.625855229511
0.647344083889
0.654884592007
0.673236586769
0.691444218391
0.711309908672
0.72636748289
0.734026670629
0.745236041019
0.752151344023
0.756972781205
0.760685175939
0.763382695156
0.765203732656
0.766953783684
0.768362926126
0.769449496095
0.770484003829
0.771360543129
0.7721398102
0.772728236484
0.773295983322
0.773667708279
0.774167227915
0.77470043364
0.775129283846
0.775511496459
0.775983476557
0.776309385771
0.776579652095
0.776841519855
0.777140722437
0.777384582305
