0.25
0.326327593537
0.488480392157
0.537741234946
0.544447450153
0.564918144262
0.647118586922
0.6666833964
0.67635911464
0.721809055318
0.729521097137
0.733917367493
0.7360338705
0.73737930107
0.74062351002
0.741743582637
0.741706777067
0.741875535961
0.743493408354
0.743933328048
0.744973028052
0.745328965233
0.745364647446
0.74569000473
0.745900682377
0.746406572015
0.746609921254
0.746794700348
0.74692395625
0.747073684202
0.747206822825
0.747310286359
0.747425834748
0.747525755719
0.747618749315
0.747695913323
0.747797120935
0.747862481298
0.747950379532
0.748016373547
0.748059762152
0.747970052754
0.748026843057
0.748084461492
0.748127384744
0.748175332134
0.748211512326
0.748255599826
0.748294021786
0.748458411741
