0.1
0.250438639818
0.567957154636
0.687751302327
0.733385347832
0.753210200933
0.764812774084
0.771918356461
0.776496480816
0.779535151955
0.78202044908
0.783367789499
0.785011117041
0.785650441448
0.78699459659
0.788038826275
0.788847254269
0.789640888677
0.790256395385
0.79092410406
0.791445759834
0.791874184619
0.792275087375
0.792640719973
0.792983078087
0.793298549937
0.793553568897
0.793812176626
0.794105274251
0.794321344443
0.794409057524
0.794552943078
0.794731794045
0.794906434984
0.795062714186
0.795261620648
0.795395328513
0.795519740223
0.795637538161
0.795746208858
0.795862192761
0.796013043262
0.796110763013
0.796207085157
0.796298428605
0.796381843321
0.796469034804
0.79654177209
0.796611584686
0.796681709724
