0.125
0.153629351091
0.201052766703
0.272138224509
0.314731060102
0.481308158772
0.552778472232
0.580751506751
0.600748942411
0.608793531029
0.614731876373
0.693822347631
0.709460604877
0.720444675048
0.726196206832
0.729698132807
0.732265696443
0.734964156065
0.736152785824
0.737293918844
0.738452876219
0.73908394482
0.740149250831
0.740739945466
0.741218577234
0.741634784315
0.741718524141
0.742323014761
0.742745044849
0.743102115665
0.743422627105
0.743711909239
0.743935429641
0.744173816703
0.744364647223
0.744578005183
0.744755397717
0.744733956475
0.744925256975
0.745089671694
0.745255193265
0.745396306571
0.745608309846
0.745741826284
0.745938129761
0.746043131613
0.746136228746
0.746226714237
0.746311799928
0.746412539118
