0.0833333333333
0.103063624704
0.122651488507
0.164768042561
0.231948597825
0.271375479001
0.310994508091
0.355554363411
0.455574865234
0.508322851007
0.565522273426
0.611264016037
0.646877359634
0.681121228538
0.723181547921
0.76567617877
0.799250754048
0.827083015263
0.838408764938
0.850881266106
0.862490888605
0.870890377872
0.875931774151
0.879629948374
0.886931833991
0.914372830452
0.931489046798
0.94384261262
0.953710681956
0.959445234368
0.964792807926
0.967972324924
0.971018153109
0.973110924772
0.974510151641
0.975941580533
0.977223000471
0.978378615904
0.979337629151
0.980382250856
0.981197271538
0.982020871971
0.982780060532
0.983499082154
0.984098264518
0.984575371547
0.985069214331
0.985512506892
0.985928486612
0.986407137297
