0.125
0.176733098945
0.27119839623
0.349877647026
0.4296973576
0.540021527861
0.6921007196
0.763477873123
0.799822854098
0.820230976995
0.829620075922
0.835509706542
0.84775333886
0.85756592327
0.862178035421
0.893708541857
0.944320018007
0.960187019818
0.966016672816
0.970601951201
0.974449829581
0.977625969985
0.979463273474
0.98095384129
0.982211455835
0.983478995258
0.984498525964
0.985327376882
0.986008821069
0.986717859576
0.987291280807
0.987873036768
0.988408832828
0.988980499886
0.989390726667
0.989774328016
0.990136831475
0.990474661141
0.990779651559
0.991066681097
0.991342258496
0.991669542388
0.991908354891
0.992135082907
0.992352336133
0.992570384595
0.992759345549
0.992943265303
0.9931197248
0.993283653431
