0.25
0.589127056128
0.934605911142
0.968661269592
0.97885147996
0.984557542098
0.987766163705
0.989890693318
0.991320356763
0.992416110745
0.993259040224
0.99393692162
0.994496010041
0.994959422632
0.995353149643
0.995688365026
0.995975989374
0.996228854701
0.996451159293
0.996650013487
0.996824917091
0.996986666887
0.997130190006
0.997259470104
0.997380633723
0.997490250959
0.997591160491
0.997684569402
0.997769679689
0.997849695749
0.997923646622
0.997993347871
0.99805737353
0.998117796412
0.998174434873
0.998228382263
0.998279142717
0.998327203534
0.998372476309
0.99841521929
0.998455613783
0.998494356854
0.998531484384
0.99856587542
0.998599404555
0.998631017059
0.998661237262
0.998690515489
0.998718491596
0.998745160989
