0.0714285714286
0.0789256261796
0.0791241721556
0.0876345438984
0.0763722473116
0.0797904113558
0.0794733833615
0.0770936488403
0.0873471362661
0.0844724950949
0.0818783631446
0.083252283308
0.0748449261325
0.0841166976008
0.0843245596915
0.0822905780308
0.0825713976379
0.0806835133186
0.0768667855055
0.0811812629451
0.0785424699619
0.075081975478
0.0852213703192
0.0853767816891
0.0870172633823
0.0765334054009
0.0790186561878
0.0784280037695
0.0770108947883
0.079475276423
0.0905331502484
0.0788936747363
0.0794445235317
0.0808560846211
0.0811147114439
0.0769124523908
0.0801552627559
0.086043181624
0.0872129246107
0.0902729901475
0.0881561630657
0.0999942957643
0.0878015572274
0.0801980484248
0.0858435489588
0.0743714506782
0.0845836823825
0.0907278490377
0.0797027729864
0.0791121839549
