0.532407407407
0.680106764928
0.783423935814
0.877925246325
0.9220868802
0.944688142179
0.956603309592
0.964007250578
0.969485251596
0.973673034191
0.976725716332
0.978956986333
0.981074329795
0.982857462362
0.984127294918
0.985417018072
0.986502654898
0.987430374601
0.988158081082
0.988789611726
0.989356285968
0.989945919742
0.990506037792
0.990981701901
0.991403465661
0.991568783838
0.991868272341
0.992226952008
0.992554282344
0.992816947883
0.993073402539
0.99333623734
0.993546674687
0.993766572217
0.993977179429
0.99414594345
0.994343945085
0.994492876387
0.994648789331
0.994794265174
0.994924840401
0.995065221779
0.99518815883
0.995301393568
0.995408424526
0.995510052095
0.995608249294
0.995705494163
0.995798645463
0.995892486237
