0.54
0.704590347924
0.861254724112
0.929084782783
0.956086215901
0.967861156348
0.975564079175
0.979708593592
0.982762593535
0.984998516419
0.986780054007
0.988134299079
0.989040265178
0.989988712559
0.990830255403
0.991521718157
0.992140025807
0.992617913802
0.993119882958
0.993479444064
0.993832862748
0.994147980988
0.994456835813
0.994679471827
0.994937233962
0.995164692533
0.995336525337
0.995510610988
0.995667624456
0.995843330993
0.995976564386
0.996122864472
0.99624577924
0.996373677217
0.996486423389
0.996592430443
0.996692398132
0.996787443258
0.996879172714
0.996971174992
0.997047101153
0.997112856503
0.997187025123
0.997162061082
0.997219472571
0.997282236631
0.997351202652
0.997405114485
0.997455340973
0.99750367007
