0.532407407407
0.540674603175
0.617932936597
0.731349147665
0.787283499701
0.831361978502
0.862571226027
0.885075248374
0.90191428724
0.913770374942
0.924035304891
0.931017464763
0.936658940624
0.942937001334
0.947713812377
0.951869637527
0.954561541648
0.957054407609
0.959484656064
0.961773298245
0.964214738046
0.966554349676
0.967917549885
0.96969370237
0.971155336774
0.972655376277
0.973749035779
0.974838874473
0.975893757037
0.976675537421
0.977531182117
0.977908391803
0.97871028674
0.979420010601
0.979896390088
0.980520836767
0.981081436363
0.981724890388
0.982218333705
0.982770046624
0.983247651594
0.98379716289
0.984092127859
0.984446348504
0.984797877829
0.985145228064
0.985487167968
0.985831401389
0.986150205692
0.986510842632
