0.574074074074
0.88407784744
0.942170127525
0.960136797516
0.968596653621
0.971141320334
0.976154767104
0.97972139745
0.980836194465
0.982655408541
0.984585845381
0.985207719509
0.986423544888
0.98720808747
0.988150326673
0.988945220859
0.989704623568
0.990294926996
0.990488328947
0.991103280093
0.991594055252
0.991845244764
0.99228529649
0.992442055998
0.99277274142
0.9930586658
0.993330318944
0.993482100212
0.993582400484
0.993695257321
0.993934545878
0.994120702438
0.994302219527
0.994476802412
0.994610777476
0.994748442275
0.994897044032
0.995059375984
0.995183518826
0.995137521123
0.995268003633
0.995391639429
0.99542195948
0.995454417334
0.995474674867
0.995585100112
0.995669601495
0.995760578686
0.995771646327
0.995725385118
