0.552083333333
0.897979470686
0.949444970694
0.967016609424
0.97396799953
0.980034556584
0.982220956821
0.985469885811
0.987204408306
0.988793163192
0.989909446767
0.990946186898
0.991727853913
0.992420568291
0.992971007196
0.99340702482
0.993868874586
0.994236319493
0.99458038544
0.994885741824
0.994764578754
0.995031306835
0.995101309447
0.995322739035
0.99536923141
0.99555695445
0.995740122963
0.995905551409
0.996048459466
0.996198861355
0.996339950047
0.996470307543
0.996576854265
0.996684475321
0.99678469561
0.99688407155
0.996972692682
0.997062003109
0.997142870168
0.997220722667
0.997291608598
0.997363028885
0.997419437846
0.997481671977
0.997539797962
0.997596076934
0.997647488816
0.997706502305
0.997754913198
0.997799065094
