0.625
0.936266182676
0.964233335215
0.976909732341
0.981600591435
0.984470262794
0.986082737749
0.987322028455
0.987279044597
0.987866094138
0.988523380792
0.988622169391
0.988984506141
0.989420481937
0.989991087181
0.990604622426
0.991122789442
0.991467787461
0.991353488755
0.991533543547
0.991804225297
0.992026525995
0.992293693754
0.992423526911
0.992312044121
0.992625119813
0.992902356476
0.99278537823
0.992867440504
0.993022948769
0.99316344424
0.993321959197
0.993384610465
0.993571377415
0.99375347037
0.993934608636
0.994105385458
0.994048882309
0.994061850948
0.994208822803
0.994364875498
0.994193025135
0.994306618187
0.994442874872
0.994563730353
0.994695385083
0.994819619086
0.994874101815
0.99487677034
0.994932170769
