0.625
0.648859570662
0.678075179172
0.694070778146
0.715162406226
0.724090970064
0.737004980314
0.74593563162
0.75250537382
0.761074784554
0.764724904024
0.773683914903
0.779681869261
0.784710925327
0.788650960164
0.79492087581
0.79999754363
0.806547660952
0.810849729992
0.814359485729
0.819409539598
0.824022247225
0.826860899825
0.828756770443
0.833042948615
0.835478528248
0.83879983362
0.841483682383
0.843867819876
0.846957678162
0.849691979194
0.851738124905
0.852330994931
0.854073362653
0.856846590212
0.858546496653
0.860441166236
0.863906840921
0.865538759082
0.865971160547
0.868075737056
0.868639277648
0.87061134241
0.871629792969
0.872415348335
0.873165909584
0.873644869318
0.874968883839
0.876121978837
0.87712486578
