0.54
0.663791208791
0.814513016487
0.881608569718
0.918207086268
0.933930017305
0.948774826208
0.95853185401
0.963616655523
0.96844585823
0.970435233297
0.974064948744
0.976276757418
0.97814587271
0.979880419786
0.981113668578
0.982407647594
0.983399916388
0.984563174506
0.985511432626
0.986275630293
0.987028283522
0.987771620645
0.988391991816
0.988938244722
0.989393880545
0.989805775977
0.990149057801
0.990528854554
0.990889287315
0.991209221257
0.991516825671
0.991786346944
0.992028832588
0.992262663983
0.992503057623
0.992742450966
0.992829427093
0.993039457763
0.993240719619
0.993453193071
0.993615269226
0.9937577701
0.99390197042
0.994074444905
0.99420602673
0.994342344623
0.994481714434
0.994617405534
0.994739480285
