0.532407407407
0.635101010101
0.770801117988
0.837066159952
0.874935303925
0.900376499891
0.923128354737
0.933101489013
0.942122342023
0.949141050901
0.954224014271
0.958816545992
0.962341520327
0.965799047887
0.968819991352
0.97151727578
0.973225263799
0.974472655191
0.976042671093
0.977422022313
0.978877231517
0.980060491643
0.981080680156
0.982038171905
0.982952368686
0.983659954271
0.984393698943
0.985105950879
0.985583525796
0.986112038889
0.986677048958
0.987134928509
0.987640428312
0.988018795262
0.988211484807
0.988602635091
0.988926014155
0.989232966422
0.989541576754
0.989823451627
0.990073993532
0.990293839318
0.990523858718
0.990769272363
0.991008325215
0.991124979289
0.991228779485
0.991409854778
0.991596791492
0.991788134397
