0.552083333333
0.71939484127
0.85874460068
0.921265911032
0.945042388442
0.954347566338
0.963708775478
0.967942469458
0.972758455968
0.975092264253
0.977273626773
0.979299507134
0.981304955127
0.982672747176
0.983313431575
0.984604429292
0.985407392549
0.986261109194
0.98694522227
0.987495030392
0.987765131632
0.98795733771
0.988521348117
0.989023061032
0.989493063761
0.989803671317
0.990245636636
0.990644410613
0.990980729682
0.991130347479
0.991485123249
0.991608459761
0.991912782466
0.992153782811
0.992390368036
0.99247874556
0.992695839725
0.992899332553
0.993090119879
0.99328016278
0.993446805793
0.993621369182
0.993788973312
0.993937007934
0.994082668892
0.994131621049
0.994269066234
0.994306334775
0.994438229014
0.994565664119
