0.54
0.515444444444
0.51044044044
0.522788687802
0.527737859811
0.537646253143
0.554876944044
0.583080783985
0.61130553653
0.627631279348
0.638535100372
0.658467544214
0.676138223155
0.68965284999
0.700642404005
0.712603715455
0.718981174774
0.728819917231
0.736382315572
0.747607072049
0.756355283339
0.763623818907
0.772182167215
0.775662291026
0.78011106093
0.786107421083
0.790543611082
0.79431265496
0.798242572583
0.801223390351
0.804743201428
0.809592881708
0.813107061011
0.815921503559
0.818710581538
0.822486851936
0.824861849887
0.827577934045
0.830165858797
0.832731663909
0.834500238022
0.837141383767
0.838882923132
0.839965523051
0.842044418514
0.843538928318
0.844873190963
0.846057868722
0.847936499824
0.848863302188
