0.532407407407
0.714253993133
0.859729063473
0.918497149815
0.941229580365
0.954549061227
0.962580773026
0.969607901373
0.974067121894
0.977651148114
0.980167431546
0.982170338335
0.98392413599
0.98535188038
0.986633670327
0.987649129117
0.988449092462
0.989247579547
0.989847619904
0.990474309826
0.990973994355
0.991468219858
0.99185944106
0.992266987655
0.992586641178
0.992899656622
0.993207636533
0.993507229117
0.993759853962
0.994009528738
0.994213392673
0.994404886333
0.994574398386
0.99476017562
0.99480409841
0.99495739886
0.995087330657
0.995227699438
0.995365930445
0.995479705081
0.995587951706
0.995691869567
0.995797211343
0.995907909595
0.995998637344
0.996088029011
0.99618256766
0.996263660529
0.996342835248
0.99642186024
