0.532407407407
0.513271604938
0.509638047138
0.512345679012
0.510803403282
0.510691882204
0.508579206877
0.50776672865
0.506769474488
0.505676224817
0.507629107981
0.50820218725
0.507343813594
0.507064759952
0.506665850818
0.506118815592
0.506547785954
0.507524712849
0.507792890179
0.507528959204
0.509705528846
0.509103678459
0.509282615062
0.50928558637
0.510296651507
0.511167004524
0.510628708929
0.511886729335
0.513018400493
0.513149445943
0.513403360965
0.514299802196
0.514599155506
0.515793800762
0.516985772135
0.521037592057
0.523777449328
0.524770799869
0.525892210769
0.527548935823
0.531285551594
0.53378025466
0.535736853128
0.542704476825
0.547605254333
0.552542210678
0.553634945916
0.556087679105
0.561596565451
0.564336019505
