0.54
0.731597069597
0.854964673913
0.911610923077
0.938345448746
0.94783886757
0.957437633954
0.963976998449
0.968837227182
0.973643305909
0.976710006778
0.979085938961
0.981029661802
0.982749737534
0.983875849877
0.98479024523
0.985896105754
0.98676779476
0.987587993523
0.988277844726
0.988902809971
0.989426237601
0.989858041991
0.990373471878
0.990775235981
0.991192787804
0.991563767234
0.991923383517
0.992188457979
0.99247573868
0.992733540314
0.992950726175
0.993207491445
0.993443366403
0.993517907155
0.993726428542
0.993943857981
0.994100429295
0.99425090214
0.994417960963
0.994584382255
0.994733910551
0.994877140392
0.994997244054
0.995104312263
0.995222387482
0.995338839557
0.99542446081
0.995522571482
0.995627247344
