0.527210884354
0.582029478458
0.69409489385
0.795862282978
0.848215595491
0.884447695694
0.912517312034
0.927232814559
0.940388614575
0.948728366532
0.954493091227
0.959135843733
0.963321081351
0.966530746055
0.969205024128
0.97146611118
0.973229389178
0.974839588712
0.97654822556
0.977987074028
0.97931625376
0.980448193555
0.981375050247
0.982438163669
0.983206440566
0.983976417132
0.984688663396
0.985325914342
0.985892998144
0.98642907725
0.986940440077
0.987438273467
0.987865359085
0.988340222695
0.988730818125
0.989052418265
0.989393243577
0.989739103002
0.990016396724
0.990318413037
0.990604750243
0.990883646369
0.991157202038
0.99138110626
0.991610690208
0.99181442903
0.992008801517
0.992173292048
0.992336407148
0.99251074901
