0.6875
0.957301942516
0.965986528532
0.97454294667
0.979322305676
0.980365975375
0.982602351729
0.983477028135
0.984862897925
0.986123811683
0.987642021582
0.987785360472
0.988900807805
0.989312906503
0.989380026705
0.990205183989
0.990254907743
0.99065643334
0.991075804497
0.991452421446
0.991400488894
0.991714091333
0.991693039573
0.992027940485
0.992346506231
0.992565911868
0.992747709208
0.992646799891
0.992534428512
0.992779005588
0.9929588065
0.993085112874
0.993143956335
0.993165406523
0.993155629613
0.993217402152
0.993387168394
0.993486465033
0.993601589972
0.993631582784
0.993716069406
0.993810659647
0.993905164253
0.993774948819
0.993866885945
0.993928465035
0.993960306231
0.994089970018
0.994210474672
0.994289607121
