0.625
0.746949602122
0.823813631222
0.857034478306
0.874984927692
0.881386446068
0.897629118154
0.90383415491
0.911443550977
0.917733957201
0.922842713492
0.92814907566
0.932844783305
0.937304193132
0.941791739861
0.944642198965
0.947583577061
0.949912584015
0.95290801112
0.954501353955
0.956054665131
0.957428549973
0.95905992518
0.960904110275
0.961240721523
0.962067635251
0.962813255987
0.964026443355
0.965350261703
0.966118931141
0.967021639649
0.967956788175
0.968712110393
0.969124894073
0.969490910368
0.969886041494
0.970595454449
0.971210878728
0.97192958343
0.972377745153
0.973008404709
0.973283351655
0.973547394375
0.973944313968
0.97421171367
0.974578487562
0.974592567279
0.97505418658
0.975244857302
0.975507180042
