0.574074074074
0.684429327286
0.80290216875
0.855095236193
0.871803492671
0.889433970898
0.900338064765
0.91077571327
0.91958341392
0.928484920589
0.935504769863
0.940245471402
0.944309299476
0.947798190786
0.951759523512
0.95474341893
0.957226446168
0.959664989207
0.96097039595
0.962743647998
0.96396324657
0.965436360581
0.967139287016
0.968588235954
0.969582351145
0.970952580768
0.972090113436
0.973363744594
0.974342463673
0.975089303134
0.975880262938
0.976682005609
0.977106458441
0.977691179043
0.978254040101
0.978998361165
0.979423230748
0.979865239108
0.980246251552
0.980487424278
0.981015057889
0.981292490391
0.981768580263
0.982187095763
0.982478724827
0.982689342989
0.982958484724
0.983274852853
0.983597943311
0.983968255722
