0.532407407407
0.774966564601
0.88088425011
0.922234344395
0.945030964265
0.956439255091
0.964613851027
0.970983160925
0.975133249525
0.978547067806
0.981395809197
0.983442341016
0.984995065634
0.986349961497
0.987300112671
0.988242577955
0.989042994551
0.989697578512
0.990343259985
0.990906029796
0.991387162965
0.991822447645
0.992223896719
0.99260206859
0.992909080106
0.993225024849
0.993491311737
0.993742854061
0.993955658871
0.994158068368
0.994358036622
0.994543171909
0.994724001244
0.994885005837
0.995034842411
0.995185135209
0.995318640041
0.995446469064
0.995563184742
0.995688757753
0.995804280052
0.995903265183
0.99599373317
0.996092149849
0.996178642147
0.996272536554
0.996353706872
0.996440875176
0.996524034773
0.996599382007
