0.550099206349
0.671545385831
0.824344657649
0.881707811875
0.919777455656
0.938395987236
0.951263021219
0.960268827909
0.966026780464
0.970489999435
0.974430615848
0.97713607427
0.979512351117
0.981286004846
0.982798469918
0.984111973469
0.985269859159
0.986218385046
0.987096410162
0.987857960471
0.988001074679
0.988597077381
0.989143562217
0.989588916121
0.990072753511
0.990503697417
0.990903924046
0.991268698424
0.991640957067
0.991950854127
0.992264953057
0.992492696083
0.992753493954
0.992857542862
0.9930910818
0.993309390335
0.993516446533
0.99371714336
0.993886970824
0.994037251962
0.994188071027
0.994332993444
0.994481534457
0.994639423859
0.994769849039
0.994884241984
0.994990032111
0.995098342918
0.995125923645
0.995219297504
