0.625
0.93455790608
0.962845081748
0.971155171299
0.97210296774
0.976731292945
0.980263326065
0.98094324035
0.982252872969
0.984165992609
0.985559577846
0.986318907649
0.987298401224
0.988106392499
0.988102381974
0.988475164357
0.98885877114
0.989054616086
0.989247791655
0.989664556328
0.99021539561
0.990568770354
0.990554188124
0.990759158014
0.991057404664
0.991324274568
0.991564814718
0.991676689787
0.991803986732
0.99207257225
0.992196349172
0.992350189166
0.992532428763
0.992785462455
0.992835590274
0.992875865641
0.992938605032
0.993076922014
0.993261390655
0.993300401901
0.993410643552
0.993510370755
0.993608887282
0.993634907044
0.993732742628
0.993750820691
0.99373083052
0.993804027376
0.993885699484
0.993995690869
