0.527210884354
0.628710575139
0.760150776905
0.818818649986
0.881678237945
0.912527377254
0.933386007709
0.946975723072
0.954653536887
0.961800346355
0.966928518288
0.970889653425
0.97332935339
0.975711908732
0.977755724795
0.979363434794
0.980756157757
0.98213947089
0.983248162395
0.984260693355
0.985172517416
0.986060036555
0.986825490473
0.987440567925
0.987965302559
0.988531403234
0.988992233197
0.989416663851
0.989823278172
0.990252666253
0.990679960791
0.9909700381
0.991272938167
0.991571137828
0.991862678559
0.992125035592
0.992340546086
0.992556128937
0.992775079448
0.992932625086
0.993126131213
0.99330253279
0.993474302008
0.993639985235
0.993791604549
0.993955568454
0.993993324638
0.994153420268
0.994273290002
0.994410758165
