0.54
0.517744360902
0.533170731707
0.552774588595
0.581436890435
0.606218057305
0.656759468781
0.703467726953
0.732836510124
0.765147300638
0.787386641291
0.809600166596
0.827563267767
0.840933564993
0.851599347642
0.862754803436
0.870115335386
0.876637528916
0.885117680693
0.889890606941
0.89573756593
0.90164134057
0.906509511479
0.911496810168
0.915308758064
0.919913092681
0.922817608763
0.92591380861
0.9282737221
0.930736713272
0.933444216009
0.935371718799
0.936959828211
0.938362626421
0.940017177128
0.942065006384
0.943000630349
0.944224078107
0.945891948094
0.946577954402
0.947998836278
0.949175053944
0.950172778263
0.951466085163
0.95238983177
0.953719309423
0.954763791257
0.955981892414
0.957153628221
0.95800603516
