0.625
0.880885122411
0.920991332611
0.935453917513
0.945217915304
0.95026594103
0.956256570458
0.960672531449
0.965101907516
0.967937923762
0.970372887491
0.971329603025
0.972994863322
0.974458427474
0.976162589364
0.976623368202
0.977344827419
0.977166798158
0.977508076417
0.977893398988
0.978881158488
0.97910156299
0.979542225473
0.979766867173
0.980285562353
0.980423699201
0.980893857548
0.981493204688
0.981774644899
0.982078069362
0.982569229753
0.982924111974
0.983163403291
0.983629069483
0.983981563186
0.984399197485
0.984785496898
0.985051140378
0.985313310774
0.985552471569
0.985745829179
0.985898858747
0.986141043333
0.986361296728
0.986609404615
0.986833136462
0.987093044583
0.987257437952
0.987269879042
0.987295209838
