0.625
0.962218733647
0.972937901278
0.980947675758
0.983478169399
0.986264925312
0.987570896487
0.989218358605
0.990083862315
0.990861994938
0.99128536604
0.992073192031
0.992143227087
0.992797175693
0.99280183051
0.993271513929
0.99369555471
0.994090447606
0.994265499204
0.994558076768
0.9945746244
0.994598139761
0.994850215348
0.994834273458
0.994914520537
0.99512729619
0.995295379981
0.995467813372
0.995538546616
0.995693941815
0.995847111483
0.995976709546
0.995953352416
0.99608503839
0.996128324295
0.996023360129
0.996138431348
0.995970699923
0.99609024172
0.99619324459
0.996280606466
0.99626201711
0.99636016675
0.996442534502
0.996521280715
0.996596574447
0.996667969453
0.996630883476
0.996653997006
0.99672256994
