0.527210884354
0.526231874329
0.528226290516
0.552901568791
0.560132762783
0.583405282233
0.592854786723
0.606507686388
0.63378158611
0.669759028297
0.715102810697
0.748952081088
0.776622920332
0.80171346537
0.824391247112
0.842821053821
0.85431647685
0.866500129257
0.875295019711
0.884194563502
0.891750424249
0.897571056213
0.903279268515
0.907277105711
0.912243040107
0.916397339649
0.919512578059
0.922487110487
0.925783210149
0.928984734603
0.932047340529
0.934876779657
0.937412976198
0.939672850879
0.941589476517
0.944273722215
0.945719138488
0.947588557766
0.949371440768
0.95027961284
0.951699427197
0.953382114406
0.954545944811
0.955486303715
0.95643999127
0.957602135445
0.958904459297
0.959822017176
0.960840012293
0.961837696754
