0.532407407407
0.524252136752
0.517158189033
0.510926541159
0.511498443077
0.510253684807
0.510838100726
0.510199833209
0.509080864892
0.510870780237
0.511623636907
0.512890849111
0.512334479246
0.512719142383
0.515404929577
0.514634778462
0.514705284553
0.515416754675
0.516027964501
0.516981856271
0.516335725253
0.51705304365
0.51782069928
0.518110504385
0.518897444901
0.518731008791
0.520758644492
0.524494240857
0.526290757377
0.528381255412
0.527687659684
0.529322896718
0.533560512816
0.53613294568
0.540127981947
0.543473496628
0.544871780804
0.548139686529
0.55118649429
0.554273638049
0.558055463673
0.561373083099
0.566264428348
0.570558721485
0.577185618641
0.583039039802
0.589837547418
0.594582991178
0.602638905431
0.606078632423
