0.625
0.957738818668
0.975408856642
0.978077689409
0.9800684912
0.982089053858
0.983466665779
0.985818287939
0.986352673423
0.986748278133
0.987884801487
0.988688527249
0.989195405965
0.989848078122
0.990228087797
0.989944936793
0.9903413877
0.990596526531
0.990965108075
0.990937856822
0.991134454996
0.99147428101
0.991708685725
0.992073746291
0.992296140647
0.992402539861
0.992477338542
0.992569461678
0.992553452156
0.992721737939
0.99273391998
0.992836111939
0.992872895859
0.99308747279
0.99316688822
0.993190308325
0.993378338609
0.993558041167
0.993658142914
0.993616381747
0.993707033407
0.993852391421
0.994010098706
0.994033484295
0.994165839022
0.994180742993
0.994254100029
0.994304578892
0.994205779271
0.994229513027
