0.54
0.816003541913
0.906535055138
0.942277993986
0.962106522671
0.971108525437
0.977030171789
0.980624684233
0.983303203433
0.985226516481
0.986940988891
0.988249088692
0.989437680851
0.989551765375
0.990352941036
0.99103884961
0.991647638624
0.992146851727
0.992619475782
0.992830855419
0.993196892097
0.993509297139
0.993822474028
0.994099310282
0.994347292053
0.994580285415
0.994779381641
0.994976655702
0.995168428615
0.995339579632
0.995494335918
0.995644368807
0.9957837929
0.995930439348
0.996043836634
0.996177437078
0.996303287995
0.996419029977
0.996516943828
0.996610260482
0.996702794237
0.996788068874
0.996870070686
0.996937851504
0.997011205892
0.997072260621
0.997143006474
0.997204545401
0.997266966953
0.997324860519
