0.5421875
0.514164370983
0.509903846154
0.51060290404
0.510873203307
0.511951970443
0.511739309978
0.513207584899
0.513521537951
0.517609633065
0.516587868731
0.518597171389
0.520239957446
0.524476445297
0.526070771719
0.527844320721
0.532499127343
0.534640967187
0.538360707938
0.542533418159
0.547569622066
0.552940761945
0.557332777141
0.561305634603
0.567166087504
0.571393750395
0.575097550556
0.581994257858
0.585339789189
0.589834608005
0.593041217612
0.598010918374
0.601225927568
0.603291474781
0.607819794663
0.611388388407
0.616184574076
0.619068218164
0.623345721691
0.62611679905
0.629874601553
0.63232673518
0.63436646799
0.637868935228
0.640939320568
0.643163757075
0.646607795426
0.650845794674
0.652497759539
0.65580460043
