0.5421875
0.726709401709
0.84771868103
0.90767926557
0.937135179106
0.950616021014
0.95808679307
0.965209811091
0.970528483895
0.97290311868
0.975137553122
0.976798764214
0.978754912809
0.979962310184
0.981384497016
0.982810804041
0.983744676967
0.984496897718
0.98534036466
0.986072422187
0.98686069108
0.987310109202
0.987974569052
0.988337768216
0.988816522909
0.989113004107
0.989491402716
0.989891106269
0.990289396529
0.990629233408
0.990988339775
0.991160490528
0.991472049606
0.991760195196
0.992010893639
0.992270355519
0.992475044981
0.992703128317
0.992902493364
0.993100200891
0.993276905439
0.993356825177
0.993550256813
0.993732386915
0.993878947583
0.994027152449
0.994155312559
0.994297802975
0.994409638584
0.994450703192
