0.574074074074
0.877323598966
0.927767675572
0.947883687432
0.958803278634
0.96346419362
0.969093893573
0.97323686095
0.975125112696
0.976019561448
0.977801736075
0.979520760114
0.980688946987
0.981701048359
0.982888384297
0.983736629331
0.984775177807
0.985808451835
0.986001533771
0.986601223318
0.987115525324
0.987223507258
0.987795732438
0.987870397211
0.988125628972
0.988576013835
0.988758824889
0.989064396729
0.989322210856
0.989784413267
0.990117955474
0.990342873636
0.990552605075
0.990829380441
0.991106771571
0.991388493863
0.991568325933
0.991703750097
0.991827635127
0.991936356342
0.991975222408
0.992079304681
0.992262142251
0.992438630062
0.992461722741
0.992407660252
0.992497939662
0.992591113109
0.992748410142
0.99277334868
