0.532407407407
0.690504800405
0.818286363024
0.894483020445
0.930177049405
0.945976666166
0.958169498099
0.965598107237
0.971432824097
0.975647209277
0.978459529427
0.980734206592
0.982497659911
0.984137798405
0.985332636997
0.986569113662
0.987287468754
0.988173865312
0.988899236564
0.989579962212
0.99015485972
0.990695091031
0.991142576437
0.991601268879
0.992012365864
0.99234457094
0.992667358892
0.992956025845
0.993229370125
0.993472169402
0.993684593264
0.993903409894
0.994097255848
0.994299511027
0.994460079236
0.994631844451
0.99479592425
0.994944053865
0.995100787129
0.995236364547
0.995361659771
0.995482321115
0.995477320832
0.995584020589
0.995679076367
0.995774634807
0.995867083687
0.995960254695
0.996038525247
0.996133167128
