0.552083333333
0.798904252132
0.899357705193
0.925262254377
0.943844837649
0.955691657871
0.962012187332
0.967952048253
0.97211449654
0.974714157209
0.977502150971
0.979189161861
0.980945063668
0.981699424514
0.982923019116
0.984119570012
0.984922870997
0.98564798743
0.986497639467
0.98715708283
0.98779611138
0.988377724029
0.988933858905
0.989394088377
0.98983489506
0.990151135699
0.990480510152
0.990870975351
0.991233136003
0.991572751408
0.991840151587
0.992110219011
0.992343622016
0.992576423019
0.992676297533
0.9929080305
0.993127452227
0.993205120116
0.993401299869
0.993588740298
0.993759715687
0.993911702168
0.994071027422
0.994203869449
0.99434670106
0.994485099537
0.994521732068
0.994557108498
0.994682501392
0.994792214635
