0.625
0.794417614062
0.896923205902
0.930984960292
0.942552290791
0.951858318272
0.95586943117
0.961550604369
0.966456627936
0.969686620097
0.972811712927
0.974276218919
0.975656837354
0.976588043929
0.976064943287
0.97708265922
0.977483839151
0.978406568014
0.979386904945
0.980060472485
0.981065497331
0.981574973987
0.981966257532
0.982843210564
0.983665508294
0.984384136883
0.984895118351
0.98535219508
0.985723636999
0.986078854866
0.986514007816
0.98667770908
0.986820946864
0.986989430459
0.987095411852
0.987362500288
0.98765843139
0.987979093844
0.988096366674
0.988100952469
0.988417089106
0.988473972934
0.98858057837
0.988695958724
0.988608591676
0.988679827123
0.988859872136
0.989068059556
0.989226881364
0.989408199154
