0.625
0.730430555556
0.739402818544
0.765703264758
0.791798418972
0.818218787702
0.832934174794
0.84674177442
0.852430829964
0.863067781866
0.87085156849
0.87364065912
0.88211619678
0.888332693888
0.893064973421
0.896373608291
0.900795763947
0.90594819032
0.909663156887
0.913796940442
0.917360741188
0.92032188395
0.923559187281
0.926031494778
0.929070049712
0.931814586119
0.933530000206
0.935162957697
0.936930975004
0.937835458773
0.939348096446
0.940824456152
0.941839934287
0.943402316454
0.944722623997
0.945797971773
0.947117730638
0.948011306572
0.948686133475
0.949365156861
0.949912991952
0.950698400924
0.951871416975
0.95251307765
0.953116068418
0.953627202153
0.95402225195
0.954691719281
0.95534912145
0.955790060806
