0.54
0.537536231884
0.536606648199
0.534736842105
0.532943121693
0.53634751773
0.543361823362
0.550650924575
0.558379710488
0.577839866911
0.597002584335
0.61471474507
0.629090369915
0.644539434358
0.654484247237
0.66600069727
0.683236265548
0.698554093707
0.710686829944
0.723606644277
0.738213084377
0.746250111266
0.756738836682
0.769038424985
0.778215097358
0.788785601578
0.796107747189
0.801317766711
0.80920606597
0.815944813889
0.820462753966
0.82438909634
0.829217635092
0.835082395858
0.839086172318
0.84208634646
0.846936270852
0.85062605599
0.853990660965
0.857497396057
0.86138794849
0.863814408303
0.867401578937
0.871347030725
0.873727146837
0.876062548423
0.878799181765
0.881018716978
0.883373830391
0.88570770598
