0.625
0.931170634921
0.951735845002
0.96410316591
0.966801042577
0.967002175495
0.970997764215
0.975272649573
0.97572954527
0.977043126343
0.978401917955
0.978211734705
0.97908546552
0.980322203885
0.980919391427
0.981798887507
0.98238707647
0.983319859631
0.983637209037
0.983975686479
0.984817073236
0.985299439566
0.985328469267
0.985438437084
0.985622974492
0.98576520314
0.985989948733
0.98638619235
0.986866637816
0.986865903609
0.987135049968
0.987181101402
0.987587872795
0.987915716449
0.988117166686
0.988478558536
0.988652685211
0.988876956132
0.989126832834
0.989413809033
0.989549389618
0.989588285215
0.989776057162
0.989952423772
0.990057834034
0.990056477284
0.990087737175
0.990144608819
0.990256521641
0.990369706411
