0.552083333333
0.654532967033
0.793856464851
0.850319738952
0.88727584724
0.903997056425
0.920572030243
0.938741583435
0.950205323067
0.95693709693
0.961621161001
0.966653455537
0.97054047799
0.972786794222
0.975211475044
0.977129010079
0.978709029335
0.980310136752
0.981498928175
0.982426064079
0.983318451997
0.984053178201
0.984858789573
0.985154045122
0.98560911906
0.986408039279
0.986916004645
0.987442030383
0.987948237186
0.988469939646
0.988815600644
0.989205221777
0.989585690513
0.98997306696
0.990024226465
0.990317155465
0.99064119571
0.990892778742
0.991118569677
0.991407648127
0.991650072713
0.991898242054
0.992099343688
0.992304832367
0.99253028978
0.992713805021
0.992897267663
0.993045183553
0.993164966716
0.993220770477
