0.54
0.60641096564
0.689091201609
0.77103355804
0.818689935156
0.850882508075
0.866798017905
0.885258444475
0.904530454469
0.916989637934
0.926921289309
0.934153167689
0.940556749182
0.947273090885
0.951762484845
0.956046643277
0.959605279333
0.962439741445
0.964538598691
0.966516363671
0.967987904064
0.969638640858
0.971164638814
0.972932419769
0.974243202574
0.975066329245
0.976177456896
0.977005702174
0.977945756582
0.978914925385
0.979840989107
0.980653304188
0.981306266701
0.981900977769
0.98257532762
0.983227193143
0.983599697037
0.984039622157
0.984461882018
0.984964161165
0.985358428133
0.985717423316
0.985960818667
0.98629347344
0.986356880749
0.986652030948
0.986922104832
0.98720428685
0.987524275625
0.987795958557
