0.625
0.915063316993
0.945476680384
0.961591258346
0.968266106608
0.97231740651
0.975331476625
0.977524733476
0.980279741855
0.98113984779
0.981660337922
0.982483388662
0.982228279977
0.983494962682
0.984226992871
0.984827442908
0.98525474024
0.985660522071
0.986029584242
0.986050012389
0.986240849954
0.98685741805
0.987031576415
0.98707786567
0.987441433694
0.987742401337
0.988033696708
0.988432805889
0.988732183874
0.98915162614
0.989433762537
0.989799354613
0.99013498277
0.990341310901
0.990473826048
0.990562738655
0.990638564308
0.990686158885
0.99088082575
0.991072501715
0.991295516797
0.99146355535
0.99161640387
0.991831500897
0.991970444144
0.991991765494
0.992086751543
0.992243511833
0.992348590409
0.992385134867
