0.527210884354
0.514717425432
0.518212041059
0.523754622443
0.534593382808
0.554222549937
0.574903078573
0.579371844086
0.601942130585
0.631719113322
0.653547103614
0.687393391804
0.716859599587
0.738746556919
0.752729168255
0.769387467965
0.783878852959
0.798498297224
0.808037435623
0.817686012482
0.825850906715
0.834015152804
0.840328090967
0.846057514416
0.849583192822
0.854519787693
0.857994331027
0.862016654718
0.866563439339
0.870633192621
0.873779312533
0.875830405433
0.878995273736
0.881250330986
0.883942742936
0.885268709798
0.887740098096
0.889831864279
0.891993045408
0.892897495991
0.894715501157
0.896416666309
0.897587180924
0.899403591086
0.901406919627
0.902942291445
0.904543829329
0.905720064083
0.907077667584
0.908344764161
