0.532407407407
0.714070180296
0.829474319335
0.87970886945
0.91128724004
0.931443064511
0.944717954708
0.954087287257
0.961104160147
0.965584249679
0.969409784609
0.972066002292
0.974703854263
0.976607578631
0.978502580304
0.98040699245
0.981446110378
0.981747678852
0.982684030705
0.983466262154
0.984509866187
0.985361768281
0.986045240339
0.98668060057
0.987247079422
0.987831082097
0.988311517603
0.988640713791
0.989104641572
0.989501599381
0.989907248468
0.990248216849
0.990591245021
0.990927603675
0.991224183393
0.99151895301
0.991773624795
0.99201318028
0.992222762068
0.992432551668
0.992655984475
0.992833250653
0.993000113848
0.993157201976
0.993310556934
0.993371865687
0.993514345827
0.993672581923
0.99380023952
0.993919356157
