0.54
0.649465395715
0.806599520612
0.876106263077
0.91065378424
0.926806713873
0.940880945238
0.949609658614
0.956563792248
0.962484922289
0.966823226519
0.969643719753
0.972545576553
0.975387099827
0.977716153376
0.979280951463
0.980983710801
0.982419167825
0.983409242817
0.984313841082
0.985136369461
0.98547820032
0.986260966958
0.986844562719
0.987264537002
0.987693603906
0.98804108439
0.988568198916
0.989029558775
0.989284297197
0.989698213176
0.989929235125
0.99029904441
0.990579545045
0.990906383927
0.991210099639
0.991458207279
0.991688117269
0.99191824947
0.99214272396
0.992341331304
0.992522385899
0.992694122095
0.992850362347
0.993026947305
0.993174999245
0.993329279042
0.993472060954
0.993621831353
0.993773905782
