0.574074074074
0.890243329906
0.958679733895
0.972108594834
0.979845902718
0.983737886277
0.986475905788
0.988497013203
0.98995178882
0.991144135906
0.991379727859
0.992078830852
0.992754206891
0.993319680639
0.993831548268
0.994217138216
0.994641932918
0.994995328276
0.995291544456
0.995538700672
0.995778946402
0.996007894409
0.996198039615
0.996213499844
0.996371438222
0.996529937347
0.996662644611
0.996658215034
0.996781311799
0.996790491314
0.996901625989
0.996995499418
0.997071649534
0.997051594772
0.997139488678
0.997134421414
0.997031140904
0.997113708837
0.997193127044
0.997272401966
0.997337217194
0.997407791845
0.997470253354
0.997530963015
0.997514053664
0.997569504725
0.997623658908
0.997676180267
0.997722644339
0.997762126982
