0.552083333333
0.823337215321
0.911009191153
0.942670638246
0.9592771495
0.967914947501
0.972881057638
0.975735054209
0.977681442346
0.980075364347
0.982090832908
0.983096935651
0.984608823903
0.985850265719
0.986516431118
0.987472407392
0.988037637703
0.988508080443
0.989177519911
0.989783415941
0.990353699539
0.990640122528
0.99109300668
0.991489295183
0.991858219336
0.992221560787
0.992517282019
0.992657034371
0.992816557808
0.993089886927
0.993337313631
0.993588486249
0.993806016883
0.993753496205
0.993608268918
0.993803792293
0.994001308172
0.994177021183
0.994312986809
0.994457212702
0.994529017327
0.994680839205
0.994733797667
0.994852225627
0.994978150683
0.995090261175
0.995193716513
0.995291960013
0.995391987029
0.99539979003
