0.552083333333
0.674519500561
0.829938075363
0.878904677754
0.907895010691
0.927711195845
0.941326292853
0.949308998324
0.955599130817
0.962170546333
0.966486205062
0.969451542376
0.971317166047
0.97337712467
0.975487761043
0.976660239103
0.977993732528
0.979580887148
0.980147461955
0.981223263766
0.982314413254
0.983194887918
0.983753967264
0.984416494252
0.98500130445
0.985157573537
0.985818322439
0.986397866126
0.986876494649
0.987189539851
0.987501067999
0.987621080936
0.987880407225
0.988260773286
0.988476976707
0.988841270026
0.989178972009
0.989462345408
0.98922787533
0.989518839165
0.989695331216
0.989851770288
0.990113878757
0.990368352459
0.990598935764
0.990802615626
0.990801176745
0.991005582094
0.991229577252
0.991239459359
