0.574074074074
0.627474747475
0.68021885192
0.729545377179
0.766456557936
0.792190944696
0.813970513606
0.830132761131
0.845531303512
0.862519169327
0.876373157032
0.883070167489
0.889824967457
0.897718754142
0.903242523575
0.910167473927
0.913109418312
0.916255454559
0.919012847563
0.922816695192
0.925817485646
0.928082422788
0.931158228442
0.933758583733
0.935256072009
0.937473805448
0.940112832294
0.941034814514
0.94273285105
0.944088413994
0.945608153786
0.947333744931
0.948440797063
0.949856940005
0.951141860137
0.95239025992
0.953345036959
0.954514306031
0.955493958454
0.956240540699
0.957294209807
0.958136866152
0.959127767535
0.95998964882
0.960773605275
0.961579287996
0.962418926633
0.962989365031
0.963611785045
0.964306773418
