0.527210884354
0.548104956268
0.543463282749
0.593080211883
0.648441880018
0.685626240518
0.726607151381
0.758613429941
0.788787304057
0.817635303214
0.838568161527
0.851468206999
0.864128563466
0.874327875031
0.882773622989
0.890582825084
0.898177244517
0.904948546514
0.910384918445
0.91409249624
0.919093279113
0.923511588667
0.927559383346
0.931786321619
0.935440564067
0.937667885616
0.940721481647
0.943711454147
0.946490749452
0.948535286205
0.950741729743
0.952712483039
0.953939900125
0.955877300438
0.957717306402
0.959187717963
0.96034317629
0.961625333636
0.96265762357
0.964104441334
0.965333776653
0.966420531844
0.967448598653
0.968272086945
0.969226310185
0.97005343095
0.971045968113
0.97175142792
0.972626836387
0.973154460801
