0.532407407407
0.537851037851
0.553338806787
0.587548936149
0.618888999646
0.678501533649
0.737964145025
0.784241555498
0.818609522287
0.851248251705
0.86932448288
0.882660780099
0.892990088495
0.904756539138
0.912965567602
0.919032005367
0.925102385783
0.931339524114
0.936156814223
0.940050156548
0.94165721686
0.944063655714
0.947002643708
0.949682835642
0.952212087078
0.954024464006
0.956102437207
0.957575182828
0.959335449012
0.961140645284
0.962703871704
0.964125418979
0.965676750875
0.96684161961
0.967717923804
0.968685510577
0.96932665559
0.970095608556
0.971028449715
0.971696499193
0.972483068344
0.973070769893
0.973820903163
0.974451978485
0.975201973728
0.975682722953
0.976197482325
0.976783831578
0.977383706785
0.977901026019
