0.532407407407
0.601653439153
0.680036735247
0.742516176767
0.801870648754
0.844888575206
0.871419312573
0.89148990868
0.907623901913
0.918815820411
0.929007434649
0.937066552584
0.942808663006
0.94689660333
0.951283566127
0.954957274635
0.957805354376
0.960531860866
0.962833252803
0.964460084227
0.966554825139
0.968343942159
0.970050657274
0.971399948668
0.972741359203
0.973712499087
0.974683412304
0.975702435041
0.976544485274
0.977516062473
0.978166742541
0.978802319486
0.979336304977
0.979954752334
0.980674072822
0.981254900743
0.981829695289
0.982514591365
0.983129148427
0.983743872563
0.984271680775
0.984691265314
0.985082860001
0.985504870644
0.985773468973
0.986168580355
0.986500935815
0.986799650698
0.987067028814
0.98735303405
