0.574074074074
0.547419460881
0.541243459526
0.548295454545
0.54375
0.547328338121
0.550626497144
0.554670837334
0.555238254945
0.557410263389
0.557610400012
0.558856919434
0.562968287501
0.565038881637
0.565163182383
0.565659967882
0.568835545502
0.568922461351
0.57087205303
0.569290349354
0.570755026807
0.571469088092
0.571630610469
0.573592982511
0.574414686975
0.57563134613
0.577153280322
0.578402417188
0.580961457226
0.582917596777
0.583338593248
0.582881088188
0.584175537454
0.586603000136
0.587802632391
0.589300821125
0.590943344303
0.593265068521
0.594826575076
0.598001587631
0.599471017826
0.600843665379
0.604144368612
0.607276975
0.609202957553
0.610507436204
0.611161273983
0.613205419141
0.614220540928
0.615791784346
