0.527210884354
0.541135204082
0.563713891354
0.608820528211
0.64796253212
0.703617791203
0.770709077096
0.800237197769
0.84470335608
0.865140652577
0.882743322688
0.897485994226
0.907751620661
0.917528683757
0.925025928609
0.932067167795
0.937741600545
0.940932647121
0.944432960151
0.947723648855
0.949782761792
0.953006428591
0.955433813473
0.958292669341
0.960631003673
0.962329779507
0.964103588653
0.965685683531
0.967299063425
0.968609084845
0.969976392352
0.970938815123
0.97206369888
0.972971982225
0.974045727898
0.974991301412
0.975814463139
0.976570753283
0.977483201593
0.978091496789
0.978783353684
0.979335946646
0.980011264504
0.980547855187
0.981048991801
0.981508313934
0.98193234375
0.982338705679
0.982849254087
0.983210213942
