0.54
0.519761904762
0.516245210728
0.521132075472
0.522109704641
0.522018529094
0.520676183321
0.5188647343
0.521571484071
0.522034213186
0.52290329197
0.523345925526
0.522374174615
0.522158963275
0.522832665921
0.52514288061
0.524812506273
0.52516588747
0.525261966397
0.5255720403
0.525690237552
0.52604668354
0.526384454608
0.527247021158
0.527786957258
0.52743388462
0.527647627153
0.528021851134
0.528401081787
0.530389146475
0.530745597425
0.531105626614
0.533439277064
0.533632607627
0.534184662554
0.535598118108
0.53740874121
0.538048219713
0.539506650361
0.542456784151
0.545051194469
0.546672674464
0.547788562249
0.549083158204
0.549745944845
0.551650404797
0.551932758485
0.554607478987
0.556054942117
0.558375814735
