0.527210884354
0.510522959184
0.512609329446
0.51211285339
0.508719760987
0.509183673469
0.513865722571
0.518041762159
0.517029575363
0.523391163825
0.52796917775
0.531671603463
0.539481637925
0.552249087428
0.561882544423
0.575102590109
0.588139586656
0.599981752514
0.620316027131
0.638129525484
0.653204656598
0.669015077568
0.687796960063
0.697785284577
0.715748129615
0.729003199558
0.74082674599
0.750753562475
0.761782617959
0.768374385193
0.777820287046
0.784044627427
0.790902388562
0.797000692945
0.804580191289
0.809786490725
0.815754747436
0.821388676736
0.826973938341
0.829996637667
0.83417437678
0.837964056727
0.841723567043
0.845266761625
0.848042060412
0.850591953031
0.853240069977
0.85555564323
0.85767947007
0.85993520598
