0.532407407407
0.533947172619
0.558832371332
0.648303765951
0.699865237039
0.744452393263
0.780938904471
0.824063474815
0.858187123304
0.877019683406
0.893157323667
0.905196805528
0.918960189227
0.925263538717
0.932237546573
0.937755481888
0.942372116801
0.945009477407
0.948804670821
0.953641314485
0.955646479172
0.958323079942
0.960535705999
0.962050556314
0.963393315127
0.965119451144
0.967334111767
0.968510914327
0.969658794085
0.970980958568
0.971838607529
0.972804184753
0.973798620216
0.974785820259
0.975575937136
0.97622220654
0.976953159714
0.977628040654
0.978313439105
0.978987547641
0.979597697998
0.980079100215
0.980511483244
0.980816731677
0.981317086213
0.98168457466
0.982033772979
0.982401866307
0.982643604381
0.982995249239
