0.574074074074
0.950112355042
0.977390108647
0.985623028788
0.989720148749
0.991628369127
0.993047466703
0.994077261417
0.99489534912
0.995510838581
0.99602832041
0.996388119685
0.996699167156
0.996983181545
0.997199692927
0.997368030536
0.997515951403
0.9976768077
0.997813807719
0.997922359874
0.998040982241
0.998142595029
0.998227622536
0.998311147199
0.998382898967
0.998447299687
0.998507807682
0.998562031834
0.998617908681
0.998668880726
0.998710460512
0.998753947253
0.998792266659
0.998828834068
0.998862435171
0.998896870904
0.998927769525
0.998953328842
0.998983412825
0.999010225874
0.999035411953
0.999058299489
0.998997917696
0.999019353618
0.999043276476
0.99906628323
0.999086770963
0.999106361163
0.999123302306
0.999140850722
