0.574074074074
0.645195578231
0.777920625783
0.814487772727
0.860470616623
0.885430007922
0.896355959234
0.912297432544
0.92428173765
0.934055198765
0.939501364339
0.944088663694
0.949186376891
0.952759132827
0.956753335032
0.959715704262
0.96181395799
0.963849914346
0.965869119915
0.967650915971
0.969118873303
0.970768006303
0.972005799394
0.973056409859
0.974213517647
0.975353880601
0.975872634699
0.976734426365
0.9773167864
0.978099917955
0.978417148712
0.979005616113
0.979646174966
0.980199991757
0.980781774172
0.981378712761
0.981731937885
0.98207536623
0.982335825438
0.98278115195
0.983213396091
0.983556613723
0.983850382869
0.984239857012
0.984579442538
0.984721834491
0.985050947812
0.98525857582
0.985542794007
0.98577005021
