0.532407407407
0.548983134921
0.578737620404
0.637315180793
0.695686313947
0.778005145615
0.823582163272
0.85648087725
0.884262967666
0.902267438057
0.916076908532
0.926504234087
0.934722282862
0.942261440576
0.947870602528
0.951849740042
0.955281454754
0.957799642463
0.960494781696
0.96284246918
0.965217695253
0.966972135335
0.967949660475
0.969533685658
0.970956616239
0.972479737364
0.973676948873
0.974846269008
0.975793742245
0.976618613087
0.977667432561
0.978311872339
0.979099348091
0.979801130936
0.980515454954
0.981116204364
0.981773453886
0.982387188337
0.982843904897
0.983326086572
0.983656304405
0.984003860289
0.984466148124
0.984882621351
0.984931102378
0.98531560754
0.985689601554
0.986045311396
0.986350592171
0.986677413151
