0.532407407407
0.679311189496
0.822895100069
0.876012290769
0.913056231011
0.93176285629
0.945150272839
0.954073450814
0.962020006542
0.967126154293
0.971548715827
0.974855530866
0.977292687192
0.979414222733
0.981289226205
0.982789462141
0.983225782238
0.984367851196
0.985376932177
0.986190248719
0.986683315051
0.987384739724
0.988006610596
0.98835150796
0.988847871499
0.989327539271
0.989748585997
0.990208337952
0.990580765992
0.990917946035
0.991208394246
0.991519492709
0.991790474771
0.992034248031
0.992291663284
0.992540170284
0.992759361175
0.99295555511
0.993146144049
0.993337538012
0.993529159837
0.993678070752
0.993853983036
0.993976007777
0.994006634541
0.9941478196
0.994283108663
0.994412161129
0.99454350494
0.994665912264
