0.625
0.871283783784
0.89812216384
0.916589374184
0.92783160345
0.936382526276
0.943947313672
0.948248073923
0.951615872017
0.954810194902
0.958199308118
0.960517681255
0.96256735485
0.964540103027
0.96602395403
0.967093008739
0.968495464199
0.96968592621
0.969982881398
0.970235727862
0.970764204287
0.971754581021
0.97266596417
0.973091821468
0.972993775022
0.973547327917
0.973576824698
0.974066552793
0.974877420981
0.975078806368
0.975431845048
0.976163232344
0.976734223841
0.977095616499
0.977420722835
0.977827444104
0.978155197344
0.978183360898
0.978532412012
0.97889879299
0.979341105908
0.979312451569
0.979609946966
0.980026534795
0.980186686531
0.980369432589
0.980412589012
0.980672570807
0.980789640937
0.981007662122
