0.611111111111
0.952073868741
0.975401155927
0.98455340696
0.987837486416
0.990340178961
0.99218175576
0.993168697317
0.994054940911
0.99477952603
0.995316256801
0.99576915282
0.996082966597
0.996110198346
0.99638133852
0.996629471173
0.996855210412
0.997054091031
0.997215759176
0.997386467287
0.997521340978
0.997644714617
0.997585634199
0.997693645749
0.997641359987
0.997735514085
0.99768844487
0.997782354199
0.997858057683
0.997815657746
0.997891750518
0.997962917629
0.998027803868
0.998083136385
0.998141475528
0.998194355603
0.998250403184
0.998294373914
0.998346071569
0.998391718625
0.998427451925
0.9984691943
0.998505529747
0.998541235844
0.998572314517
0.998525625768
0.998558326468
0.998587430702
0.998616880065
0.998646027334
