0.532407407407
0.715862378362
0.854530121303
0.91713552657
0.9434801812
0.956519587792
0.964594600313
0.970235825351
0.975165060348
0.978515560186
0.981231233151
0.983400036182
0.985149483533
0.986419536755
0.987446696812
0.988271315365
0.98915923119
0.989834333652
0.990410492852
0.990894059315
0.991363947706
0.991800762993
0.992181200856
0.992548763655
0.992849082304
0.993149689609
0.993443693383
0.993675524857
0.993935076317
0.994157493489
0.994360651491
0.994549787087
0.994723514577
0.994890255232
0.995060191066
0.995227212985
0.995378390974
0.995500087853
0.995609600103
0.99572408227
0.99583345986
0.99594266931
0.996050577017
0.996140571185
0.996233183088
0.996322527621
0.996401613934
0.996484451137
0.996552847886
0.996625515643
