0.527210884354
0.642606516291
0.797478754759
0.865044646044
0.906357921979
0.927144031736
0.942337705553
0.95316169429
0.961027091714
0.966200499199
0.969974510533
0.973483258589
0.976178066393
0.978216090034
0.980015567426
0.981399305762
0.982779752385
0.984048805348
0.984939210443
0.985895968848
0.986663718932
0.987349018603
0.988008105376
0.988690195683
0.989163401912
0.989592245582
0.990010060115
0.990391013208
0.990762632761
0.991099330725
0.991467071155
0.99176031026
0.992009829575
0.992119427694
0.992407046187
0.992642924323
0.992883468423
0.993095438537
0.993267354632
0.993458276689
0.993638913671
0.993790404163
0.993958299523
0.994097947584
0.994244555687
0.994382489229
0.994507776575
0.994635186417
0.994762262392
0.994873372941
