0.574074074074
0.763825541245
0.862430107527
0.895712336344
0.914998951225
0.92600437482
0.934635586691
0.940973979388
0.946345980652
0.95141457853
0.953179118819
0.954979537639
0.956878635713
0.959419807435
0.962228488427
0.96429216985
0.965558157429
0.966368103364
0.967850650831
0.968620380567
0.969900026994
0.971302395785
0.972111573326
0.973131698256
0.974327461621
0.975379841888
0.976073973805
0.976978765365
0.977917286399
0.978652012926
0.978528928739
0.978907196485
0.979405596472
0.979862850448
0.98040930169
0.980750589437
0.98121536097
0.981496837608
0.982060293308
0.982201096007
0.982287554405
0.982496039919
0.982761894368
0.983077624738
0.983446477786
0.983825663855
0.983946075962
0.984259835781
0.984406451418
0.984611017446
