0.552083333333
0.704974489796
0.815970928912
0.874002239123
0.905322241194
0.926294129352
0.937928367686
0.946869347129
0.954831716606
0.959830449163
0.963970582729
0.96771168736
0.97046397741
0.972302702413
0.974357068638
0.975947786407
0.97778260718
0.978944159922
0.980070570104
0.980891069339
0.981628035536
0.982729780241
0.983380645033
0.984075180911
0.984685654061
0.985330608031
0.985955480337
0.986051273148
0.986625966537
0.987127852492
0.987487405952
0.987913377818
0.988319881818
0.988641018027
0.988972749229
0.989055476722
0.989414059851
0.989551283809
0.98988665729
0.990133419727
0.990425539675
0.99070027627
0.990924380734
0.991118549423
0.991340255703
0.991561014029
0.99174431284
0.991841229091
0.992033792305
0.992201314087
