0.527210884354
0.654790811041
0.810944519194
0.874402638127
0.913574136523
0.934188930393
0.948343744334
0.956136166848
0.962071085435
0.967076254225
0.970951903069
0.974002368237
0.976583000662
0.97868227955
0.980192798489
0.98174995959
0.983008572035
0.984010200234
0.984921342767
0.985740623983
0.986518773654
0.987305055307
0.987979013527
0.988559273224
0.989006065122
0.989477839583
0.989882777989
0.990260287254
0.990653953886
0.990977038405
0.991312232267
0.991638375991
0.991897221675
0.992149410479
0.992404619741
0.992619726499
0.992844775535
0.993028203521
0.993209430161
0.993412141376
0.993577945122
0.993743978181
0.993912862381
0.994070368939
0.994200825838
0.994333264514
0.994461406932
0.994589298615
0.994715662927
0.994828983254
