0.574074074074
0.829121042356
0.914628571429
0.938247625163
0.951731650133
0.958602724277
0.966707038722
0.970855410022
0.973998585426
0.976180582598
0.978423631653
0.979046051946
0.98060074259
0.982077236964
0.982694039369
0.983221222829
0.983692619917
0.984617095437
0.985113201816
0.984964580778
0.985457616311
0.986231229429
0.986638063704
0.98711109499
0.987686402116
0.987918453017
0.988465833521
0.988913064774
0.989267531409
0.989670896639
0.98979213914
0.99010263341
0.990228312618
0.990249123019
0.990122075314
0.990339585927
0.990519415429
0.990811371133
0.991050375969
0.991282402409
0.991514237012
0.991665377673
0.991872110146
0.992051010714
0.99224589573
0.992271034706
0.992275870105
0.992415530585
0.992577124301
0.992731830081
