0.527210884354
0.625315911489
0.714293306608
0.786469295583
0.847069949301
0.900873897451
0.92700349075
0.943632235398
0.95240250022
0.958385862161
0.964074777721
0.968407784862
0.971744076313
0.974482819597
0.976751473523
0.978522089358
0.980113303571
0.981253815807
0.982136801721
0.983362140715
0.983974368363
0.984967177565
0.985808517094
0.986507369352
0.987153351528
0.987661380469
0.988165951843
0.988674113029
0.98910726682
0.989555396751
0.989952844545
0.990309559718
0.990655907059
0.990978452898
0.991265247741
0.99155742924
0.991815344566
0.992028754459
0.992257469614
0.992481686224
0.992660420981
0.992842866023
0.993030355921
0.993193841092
0.993352366835
0.993508593183
0.993676814428
0.993827407649
0.993963725479
0.994108068913
