0.532407407407
0.517593002113
0.5256333173
0.543906397771
0.560133756254
0.606279365579
0.668183918879
0.707223942555
0.757110375204
0.783716616546
0.808073020874
0.821713819822
0.835370735767
0.84557236945
0.855643732306
0.860839406366
0.867793146677
0.874389023571
0.882691719925
0.888235552461
0.894293093178
0.899706367548
0.903283442001
0.906205506629
0.910603931371
0.915060389196
0.918283003666
0.921070675803
0.924047814998
0.927442128447
0.930189450665
0.932627291588
0.934950563755
0.937456087323
0.940815190851
0.942809877319
0.944464548677
0.946451752998
0.948394384928
0.950399849207
0.951995225441
0.953359556534
0.954685287226
0.955993992709
0.95729243388
0.958261010435
0.958986802141
0.95987780614
0.960773397698
0.961680054366
