0.574074074074
0.545421961551
0.570231796422
0.576072959311
0.597296296032
0.616148713442
0.629720709631
0.644918359808
0.657868613388
0.662619763581
0.669036266388
0.679076035103
0.691720338216
0.69422907945
0.701129873925
0.710005790986
0.713402503817
0.721122497167
0.727966803776
0.731140072012
0.736850321385
0.74007558545
0.745250382715
0.750629362247
0.754252519547
0.756595895396
0.761241079208
0.766325214994
0.771254984404
0.774430119437
0.776427529658
0.78050639384
0.783641176917
0.787240896428
0.790306980995
0.792868870423
0.795835021666
0.797926436208
0.800699297248
0.803646249683
0.806482750663
0.809271800341
0.811161105842
0.813830641537
0.816166654956
0.81824483122
0.82026103893
0.822467093718
0.824332748125
0.826963038429
