0.54
0.695633484163
0.828278259569
0.889063644689
0.918872492856
0.937144530001
0.948837824472
0.956950305057
0.963261638673
0.967329965661
0.970651159477
0.973559114404
0.97546065544
0.977671904115
0.979433451923
0.980968242948
0.981790352795
0.982797979073
0.98366694809
0.984208221809
0.98492607341
0.985545521173
0.9862205685
0.986821670527
0.98746797691
0.987802507796
0.988287484009
0.988587524007
0.988862459534
0.98927601888
0.989611629987
0.989997429615
0.990309157722
0.990596295174
0.990890297909
0.991159646945
0.991417475341
0.991646644343
0.991884448146
0.992109019687
0.992320262576
0.992512274594
0.992712693181
0.992800389022
0.992971833609
0.993126002833
0.993285624008
0.993341784204
0.993409299642
0.99352843767
