0.54
0.597482837529
0.719543987086
0.816611167705
0.859609465061
0.893445845935
0.916782299968
0.928546005954
0.937828372017
0.944895161277
0.951645310912
0.957200432896
0.960815023708
0.964211434951
0.966059788159
0.968348648423
0.970026182331
0.972220832155
0.973984387949
0.975623762573
0.977083257257
0.978304071085
0.979532347708
0.98048867529
0.981114264578
0.981972574393
0.982614494274
0.983147274948
0.983777775294
0.984345013292
0.984871175397
0.985399094046
0.985860897111
0.986291808758
0.986771070121
0.987189445646
0.987564454839
0.987918511451
0.988153483567
0.988486993155
0.98876675211
0.989076893721
0.989364515249
0.989545465945
0.989794833201
0.990029770953
0.990167544417
0.990385251387
0.990589244275
0.990797047903
