0.574074074074
0.690368980613
0.72019195275
0.777858153038
0.8159366977
0.845085743846
0.85913321339
0.875649702565
0.887811903645
0.899925749795
0.907678308542
0.916107896614
0.918899522398
0.923913404692
0.929754351185
0.93257393883
0.935822286908
0.938731060797
0.942113092637
0.945171729998
0.947913912372
0.949730285368
0.952546613067
0.954440576685
0.956290903839
0.957985391669
0.959356563996
0.960947193368
0.962489434388
0.963379221805
0.964397649433
0.965733613264
0.966851608795
0.967353983109
0.968156676011
0.968867358552
0.969800341723
0.970715710146
0.971602324061
0.972371018618
0.973057799996
0.973768169477
0.974390897831
0.975009055267
0.97554607312
0.976090035913
0.976593795968
0.977154761216
0.977420494662
0.977667875221
