0.552083333333
0.730527210884
0.846942111331
0.891733544574
0.916012343977
0.932186941829
0.941070806197
0.949651533906
0.955773152064
0.960934046853
0.965042416625
0.968173662498
0.9700107532
0.972416558061
0.974397452189
0.976214115108
0.97753099736
0.979008950156
0.979965932864
0.980986768058
0.981802274646
0.982757361756
0.983667044435
0.98414867834
0.983910276641
0.984505863564
0.985171104093
0.985562709771
0.985818381182
0.986311540788
0.986656348053
0.987128659061
0.987535317351
0.987997257255
0.988394993171
0.988750760408
0.989096641066
0.989452171501
0.989762411907
0.989826147821
0.990089524122
0.990351257746
0.990599943068
0.99082148104
0.990965052237
0.9911737127
0.991393276149
0.991445357794
0.991460477499
0.991664548045
