0.532407407407
0.663756613757
0.813997110954
0.889120466658
0.924256814503
0.944178906725
0.956460609559
0.964976159667
0.970971504683
0.974922161814
0.977668292626
0.980472932282
0.982370737818
0.984105177374
0.985199406787
0.986295486145
0.987321856264
0.988189176734
0.988958880901
0.98971780726
0.99033029701
0.990867034978
0.991358010991
0.991766689991
0.992100034981
0.992491107581
0.992812882946
0.993121762772
0.993390141533
0.993624779501
0.993891617641
0.994102177147
0.994292782437
0.994486231761
0.994650128579
0.994803389582
0.994959460783
0.995111364684
0.995237529099
0.995364284624
0.995475530904
0.995598753523
0.995716074828
0.995816604557
0.99591777591
0.99601159625
0.99610651565
0.996195605686
0.996285582838
0.996356047858
