0.625
0.915292449486
0.944741286657
0.957949658322
0.963529611949
0.966803833343
0.970541115881
0.97382404577
0.975482254053
0.978096415169
0.979844267187
0.980820132525
0.982116566369
0.982942700283
0.983287388577
0.984002197933
0.984583332925
0.985294306629
0.985641993147
0.985990848832
0.98626929254
0.986424703802
0.986705435093
0.98728101437
0.987285134241
0.987719681221
0.988220164327
0.988464834939
0.988544953979
0.98893381347
0.989202672632
0.989392207518
0.98962738183
0.989683671618
0.98992161999
0.989792203889
0.990026920612
0.990301358694
0.99054374362
0.990709829341
0.990804068843
0.990909986651
0.991033690726
0.991043477495
0.991259133148
0.991387261901
0.991584412523
0.991615123641
0.99173150477
0.991795394928
