0.625
0.968917624521
0.9817436737
0.986732945452
0.989437529756
0.990988266159
0.991251182901
0.992474507958
0.993333994266
0.994036894148
0.994677260545
0.994920031205
0.995372102247
0.995740104269
0.995872526533
0.996184446756
0.996243122375
0.996482415465
0.996548988994
0.996743847758
0.996917865625
0.996940206329
0.997068062415
0.997200660113
0.997326311478
0.997440119017
0.997546679108
0.99764915359
0.997736092035
0.997821326234
0.997904612411
0.997972597293
0.998030108884
0.9980108729
0.997993331437
0.997900871593
0.997893135873
0.997948458807
0.998005758073
0.998057928589
0.99811170993
0.998098074385
0.998142737489
0.998125049841
0.99816460317
0.998205350665
0.998247813872
0.998283528493
0.998267787766
0.99830268032
