0.65625
0.75237966954
0.792794431205
0.804092781727
0.820837033014
0.83836507134
0.85965673623
0.868535117015
0.879835971889
0.885819131805
0.892367491907
0.899283350764
0.903311630785
0.905946331392
0.910867496656
0.914905978452
0.916393723939
0.918629886298
0.919417544759
0.922403849294
0.925414064829
0.92641553474
0.928242308251
0.930583236013
0.931626103605
0.933095710248
0.934024302577
0.935773925227
0.937414422157
0.938779800182
0.940268238355
0.941875868523
0.94218884617
0.942995795719
0.944258240086
0.944849097868
0.945756699566
0.946736721639
0.948148506529
0.949117636102
0.949924902239
0.95093334029
0.951890497254
0.952685756317
0.953650361045
0.954385735457
0.955105928926
0.955563808759
0.956069572007
0.956521119228
