0.5796875
0.894512783867
0.95420298581
0.972148917695
0.979971424121
0.984101865683
0.987068842892
0.989079841897
0.990521979716
0.991576049433
0.992065541614
0.992868920399
0.993456809874
0.993995821078
0.994444478939
0.994837660564
0.995143921231
0.995440649121
0.995707193296
0.995922358687
0.996146712469
0.996329274725
0.996494311057
0.996650536289
0.996797605765
0.996922081098
0.997047348736
0.997156433507
0.997261592201
0.997365166164
0.997460664632
0.997541594105
0.99761825157
0.997682744155
0.997753443641
0.997815072786
0.997872759389
0.997940418974
0.997998628899
0.998051436516
0.998103231421
0.998151393077
0.99819444401
0.998235732103
0.998280735545
0.99831910632
0.998359908765
0.998397731168
0.998434771883
0.998470537814
