0.574074074074
0.584475709476
0.640786749482
0.712537905754
0.747664775242
0.765915947394
0.790709612474
0.811941486144
0.830221535342
0.836846876347
0.845978322437
0.853185200244
0.858731580819
0.86267011515
0.869211745327
0.876185057765
0.88283132872
0.888138760274
0.892380421484
0.895024092058
0.899340081264
0.901557072766
0.905928521285
0.910187369352
0.913288040729
0.916049960128
0.918466888963
0.919960345237
0.921212805013
0.923146024424
0.924234898243
0.926164024794
0.928135254603
0.929202397505
0.930386675048
0.932181544956
0.933474258386
0.934895567329
0.936426080924
0.93723290437
0.938280194598
0.939417217803
0.94106170159
0.941831874519
0.942742662373
0.943881031351
0.944816299362
0.945962090701
0.946712117122
0.947474372021
