0.552083333333
0.518526785714
0.533154834761
0.549177083333
0.578968288252
0.596158053784
0.608482271619
0.627312668306
0.646856117738
0.664355068884
0.684868911134
0.693815106567
0.707632140362
0.718865784546
0.72943153651
0.734869070533
0.738856341098
0.742865134283
0.749846336395
0.757114565531
0.766120687805
0.770468464671
0.773601141146
0.778292384884
0.779984116655
0.784018719027
0.788435410515
0.79254093999
0.79558339104
0.799150138119
0.803662294319
0.806626429086
0.809905275808
0.812352946911
0.815180493719
0.817867411029
0.820949245262
0.822833597908
0.824395619426
0.825943883793
0.828740663406
0.831474913771
0.835315011962
0.838733209888
0.840979669064
0.843421594693
0.845066165789
0.847054269101
0.849067268877
0.851249153924
