0.527210884354
0.682601525459
0.810616771961
0.874097096845
0.911394067223
0.932825649858
0.948155659505
0.957809176313
0.964001693457
0.968300971739
0.972142865946
0.975169451723
0.977555175074
0.979566608821
0.981279325746
0.98271477115
0.983781194812
0.984995784712
0.985897947111
0.986707015614
0.987466473868
0.988181308727
0.988788192696
0.989258988423
0.989767813325
0.990216081691
0.99064873378
0.991066098313
0.991409542965
0.991545335272
0.991842346917
0.992129136151
0.992393635532
0.992641126952
0.992842059619
0.993030360003
0.993195101772
0.993401396746
0.993568074461
0.993733328503
0.993900602131
0.994063467742
0.99421684686
0.994370406059
0.994504443516
0.994623809576
0.994736565285
0.994847296998
0.994962672573
0.995065704108
