0.625
0.940014762042
0.964597144199
0.97481157199
0.980546144727
0.983453928059
0.985800516666
0.987375961352
0.987507427523
0.988542986578
0.988921958779
0.989822353527
0.990479588943
0.991161737789
0.991448099118
0.991832068275
0.992074927043
0.992001875611
0.992346693236
0.992499571277
0.992389926409
0.992622357149
0.992716899649
0.992986195123
0.99301305244
0.993110681383
0.993385733072
0.99356021159
0.993695203502
0.993905319835
0.993939892296
0.9939858146
0.994086891808
0.99426749145
0.994430517566
0.994365366035
0.994371904303
0.994513712517
0.994591956423
0.994725735589
0.994789571546
0.994863385679
0.994870752731
0.994877476402
0.994872138482
0.994762427227
0.994881222279
0.994996321044
0.995042707837
0.995095536534
