0.552083333333
0.874517609224
0.937857559654
0.957098569524
0.968107270246
0.975012275337
0.979601519923
0.982042933467
0.983980060423
0.985596093331
0.987070246012
0.988183992236
0.988804569575
0.989804234551
0.990503760597
0.990979026674
0.991499683826
0.992029612171
0.992501371826
0.992897297537
0.993091935521
0.993403089144
0.99374470759
0.994057086352
0.994148647076
0.994233506854
0.994436770102
0.994619536482
0.99482360457
0.994744503642
0.994659047781
0.994843920923
0.995023431168
0.995068948095
0.995119953539
0.995283181329
0.995421290204
0.995556371333
0.995687093643
0.995800060115
0.995903780332
0.996012546529
0.99612345836
0.996214508621
0.996318649958
0.996401596749
0.996228268048
0.996297496078
0.996377261264
0.996458841598
