0.532407407407
0.767630656728
0.871066939254
0.920343191904
0.942579794979
0.955959290302
0.963667331311
0.970107737943
0.973909598031
0.97703874871
0.979549591493
0.981665713522
0.983489535741
0.984895015426
0.986090460422
0.987044344635
0.987867435487
0.98862006493
0.989282196906
0.989953799179
0.990539052284
0.990995025594
0.991439704835
0.99181754036
0.992174012582
0.992492320548
0.992805683525
0.993089482992
0.993328152602
0.993572054827
0.993632273116
0.993846261805
0.99403577538
0.994237322486
0.99443005626
0.994605718472
0.99476666215
0.994917827675
0.995062029378
0.995202258946
0.995331008025
0.995450716
0.995571922781
0.995674285075
0.99577700013
0.995864889786
0.995960794528
0.996052550699
0.996131798053
0.996202276751
