0.552083333333
0.785843721145
0.878052975939
0.931928526825
0.950970984287
0.96268763751
0.969640367735
0.974021631595
0.977821988334
0.980122429326
0.981900203316
0.983089363271
0.984357797351
0.98570938474
0.986771126017
0.98722341402
0.987607312712
0.988416603271
0.988793471141
0.989203054754
0.989770988408
0.989724755656
0.990230272651
0.990698318615
0.991082672985
0.991496762369
0.991658461991
0.991638772319
0.99194798828
0.99228181159
0.992423632332
0.992541616578
0.99266133973
0.992781967137
0.993002447265
0.993088622955
0.993284056461
0.993487704549
0.993684138291
0.993844364199
0.993886411576
0.99405372445
0.994200862037
0.994254361214
0.994387641937
0.994525308491
0.994640394433
0.994701743774
0.994736138884
0.994772250995
