0.625
0.981067845198
0.991180203046
0.992298036393
0.992219598583
0.99391072284
0.994545896103
0.994969625461
0.995598737919
0.99582652694
0.996284811706
0.996586203414
0.996673530212
0.996914202271
0.997125223843
0.99696454005
0.997154615215
0.997314308747
0.997458414058
0.99759962312
0.997729251357
0.997828988398
0.997927965898
0.997900803855
0.997982781222
0.99806099902
0.998139951778
0.998117932427
0.998180954192
0.998244811917
0.998304882865
0.998357282101
0.998327893283
0.998378528889
0.998430404477
0.99840293404
0.998449742123
0.998486843355
0.998527352249
0.998569829941
0.998603969431
0.998640209281
0.998669170977
0.998701220058
0.998731483574
0.998758681271
0.998782862625
0.998807144211
0.998832454585
0.99885744097
