0.552083333333
0.705381944444
0.83435813224
0.893747900734
0.925243739146
0.939236033988
0.950319275606
0.957068117412
0.962576090585
0.965747421475
0.96865115086
0.971271021463
0.973775448563
0.975640711751
0.977233032293
0.978515650586
0.979968348931
0.980142304809
0.981478278833
0.982175807115
0.982990512724
0.983528880647
0.984334462399
0.984958521826
0.985618022198
0.985778300125
0.98643339523
0.986847655083
0.987324849944
0.987748671917
0.98818414555
0.98859710352
0.988824368619
0.989165091007
0.989492444502
0.989811381062
0.990129603462
0.99039838019
0.990660333139
0.990881722682
0.991049298634
0.99125627874
0.991305749315
0.991500637115
0.991589310396
0.991782333296
0.99197846134
0.992073342996
0.992251380843
0.992334531713
