0.54
0.735056410256
0.897606197311
0.935135473712
0.957302713883
0.968763470712
0.974542138789
0.978676466691
0.981333426515
0.983890169493
0.985692895554
0.987181566862
0.988317931588
0.989262513924
0.990164679672
0.990890736963
0.991486402744
0.992030951329
0.992509771184
0.992895307786
0.993286272661
0.993622250775
0.993955839639
0.994238241835
0.994488436379
0.994727087034
0.994940660189
0.995161462483
0.995355267731
0.99552874947
0.995687915739
0.995697010643
0.995826469407
0.995961422114
0.996086616925
0.996193104709
0.996306816701
0.996408533281
0.99650582634
0.996598214416
0.996679130918
0.996767228867
0.99685304977
0.996921129083
0.996992107588
0.997065582178
0.997122389372
0.997197222245
0.997252607876
0.997312376241
