0.574074074074
0.68979978355
0.767551012739
0.82620544369
0.867895304737
0.891984334186
0.906307264704
0.919094742182
0.930681655961
0.936788240472
0.942491103047
0.946038908256
0.950534897359
0.953712717998
0.956689879883
0.959624533724
0.9611499175
0.961933914322
0.963703058003
0.965561495943
0.966664491708
0.96778670389
0.968903412796
0.969770236179
0.971255870287
0.972174386622
0.973331527102
0.974544063241
0.975044824452
0.975638139641
0.976411956918
0.976713583332
0.97724478166
0.977628183878
0.9780286086
0.9785762212
0.979182056434
0.979545093632
0.97997366335
0.98034704717
0.980509960316
0.980916366794
0.981186460553
0.981463397178
0.981876623559
0.982260249888
0.982660539417
0.982828365696
0.983153337963
0.983317805913
