0.54
0.74367954626
0.850399917543
0.928766661214
0.950104164943
0.964027818232
0.970295961983
0.975722485741
0.979603118829
0.982042088711
0.98432335527
0.985687037388
0.986692945745
0.98787329666
0.988821279506
0.989327218616
0.990030436917
0.990710437294
0.991200902083
0.991692243489
0.992130236115
0.992556695803
0.992931574526
0.9932372846
0.993581577718
0.993886437772
0.994104074743
0.994330394904
0.994526247549
0.994722178546
0.994917257765
0.995082858039
0.995260339467
0.995419286813
0.99544989935
0.995578122857
0.995698286368
0.995809515736
0.995925267112
0.996029150179
0.996134495086
0.996232406511
0.996334245188
0.996417899274
0.996499076324
0.996581563628
0.996658985301
0.996738162129
0.996809935435
0.99687874163
