0.527210884354
0.588012127928
0.664502023031
0.739991980808
0.826432559635
0.862898095979
0.885334179806
0.910359076243
0.9241381556
0.935658717364
0.945002506851
0.949932828543
0.954776001955
0.958674004727
0.961915805343
0.965303096534
0.967664142516
0.969181412299
0.971074266201
0.973036460631
0.974623815321
0.976048584252
0.977454549972
0.978476664222
0.979620555906
0.98064057285
0.981468037284
0.982314692503
0.983029605498
0.983714314789
0.984305646018
0.984880259074
0.985318724091
0.985848021297
0.986326637859
0.98681873524
0.987176213748
0.98755428588
0.987890731693
0.988208083249
0.988513257928
0.988756523677
0.989063844408
0.989322822644
0.989584559005
0.989840776918
0.9900735143
0.990286651427
0.990501435233
0.99069352306
