0.527210884354
0.577168367347
0.664577825057
0.791723377822
0.853356502751
0.892267891078
0.914839553697
0.931835118811
0.943546141975
0.953938294012
0.960902142826
0.96538601028
0.968935529989
0.971698615613
0.974540314642
0.976659390851
0.978180496531
0.979555800702
0.980827619284
0.98190415241
0.982744001732
0.983763602441
0.984621442867
0.9854568249
0.986195006485
0.98684027337
0.987349850165
0.987808270719
0.988268436667
0.988764047766
0.989194665389
0.98957194289
0.989914600142
0.990230466039
0.990572704818
0.990877650225
0.991147449033
0.991411522264
0.991676163712
0.991885151152
0.992129425835
0.992354078156
0.992549364694
0.992743306721
0.992913886708
0.993053785551
0.993208139771
0.993384628716
0.993531706498
0.993681071744
