0.527210884354
0.506467738611
0.509890798425
0.508683281005
0.509498505559
0.509842927844
0.510313802941
0.509395061323
0.510896920852
0.510056678776
0.510441381307
0.509511749723
0.510032299095
0.509937843158
0.509602995788
0.511026486952
0.51081015053
0.510068547562
0.510467908093
0.5105702244
0.511564868646
0.512201221829
0.511769427084
0.511588970396
0.511500274823
0.5113756203
0.511237704154
0.511652743999
0.51193852541
0.512396187034
0.512702116003
0.512597596711
0.512616230678
0.512684057044
0.513219454448
0.513301995244
0.513498564588
0.51343005692
0.512989899648
0.51294418922
0.512564261812
0.513580060169
0.513813787969
0.513799745974
0.513957356654
0.513859719365
0.513657791227
0.513711709937
0.513986913062
0.513954634991
