0.532407407407
0.587896825397
0.666393611643
0.730804464481
0.792371446644
0.83732482795
0.867516804357
0.889287389018
0.905063853189
0.91941230001
0.927766573024
0.935331737218
0.941621310411
0.948550580144
0.95352254348
0.956891537936
0.959633862243
0.962545053982
0.964181482814
0.966485322003
0.968242330714
0.969849634293
0.971249976244
0.972883786818
0.973805938567
0.975083898089
0.976417471508
0.977544413719
0.978631198058
0.979485184996
0.980137698454
0.980818105114
0.981639592109
0.982211203258
0.982658756188
0.983042570621
0.983499524613
0.983911996682
0.984364486075
0.984831308073
0.985131813003
0.985568992984
0.985835568665
0.986240961999
0.986575855641
0.986884035168
0.987186553293
0.987410168127
0.987636184874
0.987746451095
