0.574074074074
0.827608825283
0.920989063105
0.942822081764
0.956588033025
0.964720747217
0.970721014541
0.973554981176
0.975792991782
0.97846851429
0.981005617583
0.982844337066
0.983637664388
0.985080918818
0.985890867505
0.986163403168
0.986888303822
0.987438630664
0.987921610923
0.988156125391
0.988828340144
0.989095236864
0.989244579442
0.989744374437
0.990270117648
0.99073266594
0.991119509426
0.991496800172
0.99167991003
0.991959712563
0.992216371446
0.992354606981
0.992477193996
0.992597018433
0.992596969826
0.992813503745
0.99303925333
0.993218702094
0.993208419172
0.993377832905
0.993431184814
0.993525611811
0.993519201343
0.993603951715
0.99367451038
0.993743914633
0.993887652583
0.994003435725
0.994071339365
0.994200441011
