0.528698979592
0.528981183117
0.532547501759
0.531870301204
0.55304576376
0.580635066449
0.613215188988
0.629976983445
0.661418000155
0.699257012019
0.75026373739
0.775126733478
0.800225451509
0.817207804539
0.831229133257
0.846696181688
0.858961137806
0.868733821197
0.87883180533
0.88751621551
0.893683670961
0.901144645417
0.905746884476
0.910874933128
0.915669584083
0.919365464813
0.922760500947
0.926341746723
0.929701291228
0.932423612335
0.935249334014
0.938007860835
0.940277687157
0.942602176357
0.944282604497
0.945936098745
0.946995503099
0.948621710875
0.950655514569
0.951547817474
0.952954242709
0.954194503839
0.955466388477
0.956757141643
0.957905285166
0.958628877327
0.959735663727
0.960494335798
0.961585037657
0.962399136594
