0.532407407407
0.561383928571
0.573984464609
0.607546442432
0.648090323579
0.70319928463
0.736655589058
0.789532280057
0.820804678744
0.846384767781
0.8619052004
0.874122818228
0.88527817728
0.893506110112
0.903064138872
0.910118810889
0.916746448218
0.922386355527
0.926076447388
0.930752949394
0.93339977752
0.936939824107
0.93980070679
0.942731941464
0.944812570203
0.946714723982
0.948497384509
0.949820272914
0.952184784402
0.953846327572
0.955515153041
0.957108858075
0.9588829886
0.959955030334
0.961234072367
0.962516401759
0.963467284177
0.964626201662
0.965550500878
0.966617514316
0.967502223452
0.968346403065
0.968807213903
0.969283540397
0.970001445491
0.970800126676
0.971449542033
0.972192228265
0.972748809329
0.973317461251
