0.552083333333
0.549375743163
0.556138392857
0.576118364726
0.59506342283
0.610710970624
0.637241708968
0.662958903092
0.678496501033
0.700563375462
0.718693890852
0.737937008057
0.754309694123
0.764265378055
0.777216966144
0.784033853884
0.792075997741
0.799854519767
0.809927534617
0.816446907274
0.824845764061
0.831188596621
0.836758777568
0.842149627245
0.848744350223
0.854368493054
0.859394754033
0.863115810323
0.867124818659
0.870008774487
0.872720313493
0.877484667474
0.880448351249
0.884273360456
0.887445110239
0.890339450302
0.893394008103
0.896599892513
0.899216965403
0.90092674325
0.903643127962
0.905168714181
0.907502547906
0.909057238254
0.91078370264
0.912997081025
0.914387464152
0.91597692664
0.917914414522
0.919440366308
