0.625
0.976610934789
0.986620582813
0.98908256324
0.99040168718
0.99176382606
0.992854252714
0.99382793175
0.994302025318
0.994697178652
0.994482069023
0.994953084436
0.995350043431
0.995552247341
0.99587451686
0.995988658468
0.996244751255
0.99648048965
0.996657011027
0.996708509146
0.99674810737
0.996648877848
0.99680344839
0.996944377585
0.997072177549
0.997208769401
0.997318875304
0.997412054508
0.997507872896
0.997586049189
0.997669594812
0.997741744097
0.997812365299
0.997796881217
0.997854864423
0.997924856851
0.997983738296
0.998042537001
0.998092011627
0.99814141002
0.998187390638
0.998226827168
0.998270417643
0.998313077001
0.998352547712
0.998386619804
0.998370494545
0.998410209488
0.998391335847
0.998321705871
