0.54
0.811569033726
0.901841736695
0.934397627749
0.953570548449
0.961437645156
0.968405567344
0.973055358143
0.976855875086
0.97874208497
0.980584569787
0.982077491307
0.983525273218
0.985035990748
0.986087757201
0.987017227021
0.987865407805
0.988618760588
0.988979062086
0.989278710438
0.989843094724
0.990346022444
0.990833575818
0.991082609293
0.991464102647
0.991793109423
0.992146602231
0.992436053141
0.992697841996
0.992931347198
0.993158911853
0.993378414616
0.993589273466
0.993796013377
0.994000598532
0.994204867984
0.994390774236
0.994538608834
0.994702452214
0.994834418579
0.994965898392
0.994975131154
0.995089257577
0.995110604584
0.995219994928
0.995316625139
0.995421831379
0.995526756515
0.995638833942
0.995725867366
