0.532407407407
0.702197236919
0.838080634474
0.896418697005
0.926731997351
0.941490470852
0.953607680589
0.96120352093
0.966517092902
0.970156246352
0.973619084556
0.976339735187
0.978541332332
0.980316591172
0.982075170188
0.983336700777
0.984410725362
0.985231737483
0.986130028604
0.986947450945
0.987528721892
0.988137635495
0.988783172717
0.989301019672
0.989732205517
0.990249921548
0.99065945474
0.990987320793
0.991284594389
0.991576463423
0.991849229821
0.992157133789
0.992432626549
0.992667965887
0.992754762998
0.992989272452
0.993195530043
0.993404752135
0.993611338183
0.993786241878
0.99396366236
0.994108617446
0.994257942047
0.994399464082
0.994529655082
0.994557967239
0.994679736456
0.994789113233
0.994913197758
0.995016846281
