0.527210884354
0.528486394558
0.548252078609
0.602851941087
0.665733986487
0.723436229543
0.782300751317
0.824041538138
0.855955641902
0.877041574718
0.894745642999
0.907961014438
0.917277736919
0.926935993463
0.932411780877
0.937782130653
0.942437003434
0.946497387653
0.949788596987
0.952614968482
0.955128343669
0.956712985751
0.959045189781
0.961102396122
0.963195332994
0.965332362979
0.966364945574
0.967867082632
0.969329310521
0.970483331986
0.971233329124
0.972485847078
0.973531154293
0.97431423697
0.975074505709
0.975853089169
0.976583251358
0.977411139003
0.978146012468
0.97885960693
0.979616754699
0.980247301087
0.980743167222
0.981322030266
0.981887484446
0.982287426305
0.982725202735
0.983214433462
0.983657669305
0.98407988482
