0.625
0.759035381986
0.776467957319
0.789553711875
0.817783167123
0.826430252183
0.832071646814
0.843890305835
0.854248353878
0.864766859337
0.868650402413
0.873108835764
0.878138370532
0.883332129918
0.886517792814
0.889579612101
0.892869099095
0.89617907004
0.898495083464
0.900829166132
0.903293397484
0.906150387331
0.908986880618
0.912227069804
0.91337843448
0.915255616209
0.916978500593
0.919560430301
0.919946673396
0.921910329034
0.922913625331
0.924288593929
0.925745459569
0.926456940619
0.927492706653
0.928659586976
0.92988996573
0.931147559941
0.932066472611
0.932034317385
0.932216816011
0.933200484717
0.934374677935
0.935253449187
0.936331980299
0.937016025841
0.938166682188
0.939278381782
0.939711818692
0.940330146369
