0.625
0.955066434469
0.976407247098
0.98476405055
0.98748401833
0.988840474774
0.990292076914
0.991669813923
0.992480297437
0.993188420302
0.993907137048
0.994254810701
0.994551072067
0.994985311801
0.995341011289
0.995481649587
0.99577807114
0.995877511559
0.996144719506
0.996351403927
0.996412446859
0.996611569741
0.996667425025
0.996821238923
0.996966979939
0.997090752654
0.997211311278
0.997220661832
0.997316008716
0.997420825531
0.99741910985
0.997500696934
0.997584836834
0.997655408254
0.997724643976
0.99778685467
0.997847094246
0.997896017125
0.997957495803
0.99801432573
0.997998233473
0.99804522131
0.998083747039
0.998130372994
0.998171021076
0.998202850103
0.998239326359
0.998276280248
0.998315765936
0.998299879982
