0.532407407407
0.633192700157
0.796085490525
0.866508690116
0.902546797083
0.924774161554
0.939022511716
0.948321323308
0.954617263678
0.961084450556
0.963449439301
0.967263236623
0.970331566536
0.973111360124
0.975399361514
0.977151948151
0.978506783189
0.980035050523
0.981314242191
0.982336101156
0.983201378409
0.984183566794
0.985031434464
0.985745724205
0.986351277287
0.986535857237
0.987146424989
0.987727668208
0.988056833943
0.988481895381
0.988861142731
0.989252821549
0.98958268988
0.989938552453
0.990233918842
0.990550015096
0.990858923049
0.991127834294
0.991375011091
0.991613951369
0.991826408355
0.992044849474
0.99224454791
0.992454453303
0.992636000599
0.992797889239
0.992938703112
0.993094008573
0.993232238174
0.993399157729
