0.552083333333
0.522727272727
0.518623925265
0.535012494321
0.541702835261
0.561080059619
0.585135911709
0.609771551641
0.633121535106
0.642737447142
0.670330848244
0.68480039245
0.695206656623
0.711539693362
0.720453000841
0.730986725266
0.742532996693
0.753551764011
0.759139373732
0.765978730289
0.772391238047
0.779837237092
0.787026400857
0.794389906123
0.79813254228
0.801144292083
0.804937858374
0.80814860406
0.812226397331
0.816527199885
0.820045377248
0.823053531188
0.826469705694
0.830196744721
0.833141384733
0.835828130387
0.839886496581
0.843145927747
0.846364048173
0.848737831715
0.85197472779
0.854776325921
0.855759955045
0.858975637586
0.860518072118
0.8628051369
0.864309739272
0.866134473248
0.868823723872
0.870897010563
