0.527210884354
0.589349489796
0.676102190876
0.764463144565
0.824196546837
0.880189714837
0.902273960485
0.921437679682
0.932919642483
0.943415382355
0.951027234326
0.956916385156
0.961604178244
0.964200180273
0.967537410757
0.970661954123
0.973033546517
0.975110452887
0.976967279108
0.978580358519
0.979884444557
0.981064199968
0.981903520132
0.982855765875
0.983766293078
0.984567268431
0.985209655016
0.985787708093
0.986363950762
0.986847113663
0.987363718955
0.987869765596
0.988258169574
0.988672558644
0.98900937023
0.989342864941
0.98961632711
0.989961467292
0.990229874987
0.990491289506
0.990770772282
0.991032529033
0.991277418295
0.991479016264
0.99170377835
0.991911380213
0.992126634732
0.992270884819
0.992440305672
0.99261074642
