0.552083333333
0.715340909091
0.905984816185
0.943500982258
0.961194108425
0.968966317044
0.97567844195
0.979702407993
0.982592371079
0.983467215664
0.985117905387
0.986766349348
0.987683655736
0.988625517624
0.989478051912
0.990158484477
0.990825695468
0.991380624338
0.991890421116
0.992323133273
0.992695816438
0.993113144867
0.993243785573
0.993543789473
0.993850838644
0.994111315153
0.994350095526
0.994582578644
0.994785027976
0.994973392511
0.995144264969
0.99517018143
0.995322896697
0.995468094952
0.995499120403
0.995614851183
0.995645309348
0.995778654499
0.995902382771
0.995995156417
0.995996137121
0.996000597834
0.996108985879
0.996202545555
0.996291778485
0.99638150371
0.996467663395
0.996548828335
0.996617877516
0.996684627051
