0.54
0.53
0.576061776062
0.645282048405
0.736357787894
0.781287059936
0.804728233251
0.82184453363
0.837294698723
0.855398810843
0.868364059734
0.875047365522
0.882269424168
0.890630320954
0.89577330535
0.900351553516
0.907527842371
0.913353184099
0.918036213194
0.923205158365
0.927599665143
0.931946976392
0.935826201147
0.939393660119
0.942880414487
0.945327396555
0.947354932954
0.949722442114
0.952297644406
0.954025760086
0.955935222244
0.958325074794
0.959629321348
0.961016235852
0.962259470089
0.963643050468
0.964743436632
0.965800137992
0.966854596574
0.967888133507
0.969110148641
0.969839338691
0.970776395483
0.971772863031
0.972528782697
0.973255592156
0.973951832414
0.974598243228
0.975208197495
0.975854091615
