0.527210884354
0.536831875607
0.527046049189
0.537351051532
0.555380952381
0.566578544251
0.585387188092
0.611502025312
0.645336966986
0.692113921104
0.733860185837
0.775891555753
0.80321903475
0.822522254581
0.842931299228
0.856020118742
0.868414427193
0.878910766706
0.888543030471
0.896450284566
0.902753294255
0.910047376849
0.915379593882
0.920431972069
0.924244570391
0.927813752108
0.931088142624
0.934592521261
0.937339518139
0.93925221048
0.941272819984
0.943505437277
0.94573566616
0.947634618147
0.949126966647
0.950467678133
0.952239106561
0.953825530117
0.955424041919
0.95630578994
0.957275815871
0.95864046475
0.959695926875
0.960872418579
0.961848390013
0.962654987976
0.963467440495
0.964331448503
0.965300891277
0.966176913494
