0.65625
0.852990749844
0.902947920313
0.919843699027
0.931824775543
0.940207122197
0.945402308917
0.950119723931
0.952290633181
0.955642351704
0.958115888599
0.960087733655
0.961097412753
0.963317160732
0.964731683797
0.965964242513
0.967024862999
0.968306623669
0.969222186412
0.969839101308
0.970685787722
0.971225483471
0.972054290887
0.97279551201
0.973008797544
0.97317131468
0.973964568803
0.974349460932
0.974977682304
0.975207686811
0.975273010601
0.975938750995
0.976365634292
0.976753657353
0.976937571121
0.977481299729
0.977926175517
0.978237860917
0.978523535081
0.978746071693
0.979110174922
0.979372013129
0.979778875582
0.98004147589
0.980200100824
0.980431008547
0.98083854065
0.981219479331
0.981428281911
0.981573644456
