0.574074074074
0.897995522996
0.96622212163
0.981408398207
0.986807048883
0.989431734326
0.991541984092
0.992822078303
0.993455888211
0.994301226278
0.994925977048
0.995404581506
0.995561693335
0.995917770331
0.995947310454
0.996234648459
0.9964713717
0.996679412589
0.996873927414
0.997052676561
0.99717179752
0.997307205727
0.997432661519
0.997549406867
0.997662042466
0.997746977064
0.99783923482
0.997918640153
0.997996211317
0.998066639164
0.998132745577
0.998198392564
0.998254059275
0.998304137669
0.998353875618
0.998393613542
0.998445098829
0.998486113392
0.998530816272
0.998570277794
0.998606929544
0.998640373762
0.998667122154
0.998700111789
0.998730392229
0.998761498674
0.99878636691
0.9988113344
0.99883574893
0.99885847233
