0.532407407407
0.539236111111
0.636755182487
0.69141025641
0.76543327023
0.838493478207
0.87555652788
0.90262021257
0.916633839782
0.928950005139
0.93843140935
0.943137827356
0.949869934741
0.955008545092
0.958837614314
0.962150770056
0.965073555753
0.967567581685
0.970067695996
0.971080245872
0.9727208616
0.973994198516
0.9753580349
0.976299791023
0.977301189201
0.978484528663
0.979301530175
0.980001070063
0.980778170804
0.981222118142
0.981990290368
0.982646404281
0.983308387286
0.98392343166
0.984181028548
0.984552909381
0.985012619611
0.98547854859
0.985934973633
0.986293210464
0.986696231404
0.98692072104
0.987292327675
0.98753077248
0.987843945629
0.988172833741
0.988414470577
0.988636790171
0.98889036421
0.989026298986
