0.552083333333
0.789478381745
0.884109773456
0.925509398323
0.947935708541
0.960931662581
0.968690524398
0.973363812864
0.976906891378
0.979821007807
0.982354432586
0.983949080449
0.985411659098
0.986363616215
0.987489695233
0.987892070745
0.988699691565
0.989342538987
0.990054286622
0.990596117949
0.990881685366
0.99113000064
0.991555635572
0.991952875138
0.992325693229
0.992617304588
0.992874606422
0.993148842344
0.99343236221
0.993642056847
0.993892564681
0.993970151805
0.994185276412
0.994234250364
0.994410785776
0.9945729267
0.994731724792
0.994884422411
0.995036147355
0.995158627976
0.995289350211
0.995316274465
0.995439323433
0.995549876646
0.995672606173
0.995786854917
0.995795831281
0.995810251305
0.995889753461
0.995976606722
