0.527210884354
0.59355066702
0.699791681187
0.783807884937
0.862478464344
0.895815905764
0.919916808891
0.931193950249
0.943206143947
0.952082838178
0.95733143771
0.962234184367
0.965585537878
0.96873380469
0.971389142328
0.97422953122
0.976116395875
0.977727062954
0.979191794199
0.980427140826
0.981538518184
0.982466235595
0.983361172994
0.984125283739
0.984889669323
0.985651493399
0.986253486863
0.98684725082
0.987345680794
0.987867296674
0.988298258293
0.988757206928
0.989147571631
0.989529371467
0.989874797014
0.990201457445
0.990517885606
0.990779071904
0.991041182449
0.991263228212
0.991514906176
0.991740930392
0.991956506498
0.992153308183
0.992340609812
0.992540178944
0.992686462918
0.992853880189
0.99302315568
0.993173373158
