0.574074074074
0.79308979309
0.87439243303
0.910229009421
0.922396650968
0.931090881522
0.939734732753
0.946232488101
0.951008750994
0.955925211991
0.960107835374
0.961411303935
0.962607463833
0.964589686262
0.966607916723
0.968609049538
0.969270957683
0.970933624336
0.972136048597
0.973582017206
0.974505084723
0.975053167406
0.976091034691
0.976909941199
0.977453781885
0.978118690985
0.978873466027
0.979496327722
0.979920707764
0.980400082231
0.980779756579
0.981282646568
0.981771829121
0.982097575036
0.982519410305
0.98309056148
0.983477672819
0.98374163646
0.98422867534
0.984594077145
0.984890624552
0.985163607481
0.985300630343
0.985571399973
0.985760448059
0.986007420672
0.986290733159
0.986588712817
0.986804708635
0.987103482035
