0.574074074074
0.61316872428
0.679428527859
0.742382120752
0.777258617279
0.802462571546
0.821060889218
0.840297758917
0.853884771617
0.866011104238
0.874153947358
0.879610780801
0.886716618633
0.89133510573
0.897137004571
0.904096240117
0.907794723597
0.910340840448
0.914947421751
0.917722028603
0.920803757372
0.924204076963
0.927027995754
0.929734823499
0.932011259822
0.933333832932
0.935600878697
0.937391285974
0.939184614916
0.941140443493
0.943034299737
0.944144232159
0.94565931261
0.946737230939
0.947963729746
0.948842410108
0.949723847247
0.950943074198
0.95184346358
0.95267173684
0.953541854539
0.954311527048
0.95518272339
0.956093077741
0.956712624802
0.95753009955
0.958165052793
0.95908085749
0.959866787346
0.96051257337
