0.532407407407
0.593635531136
0.66900966901
0.779822215997
0.847370967534
0.885845003905
0.907150238986
0.923514003831
0.934468140861
0.943719552366
0.950834133065
0.956737799076
0.960310200876
0.963429709712
0.966277039909
0.968664041989
0.970744260691
0.972680497627
0.974646848973
0.976072045757
0.977349837209
0.978242617794
0.979483950392
0.98054052076
0.981530486843
0.982282566946
0.982805942944
0.983282365137
0.983748014847
0.98432706295
0.98491012531
0.985426957343
0.98581865941
0.986280203842
0.98677269867
0.987071988152
0.98742336854
0.987748321312
0.988097216714
0.988438632602
0.988655949739
0.988962951296
0.98923050837
0.989525551439
0.989780601118
0.990030205622
0.990034607891
0.990256059555
0.990500859674
0.990728407695
