0.552083333333
0.888078288934
0.948563344418
0.969177921659
0.978702465335
0.983030877293
0.986195153561
0.988537656474
0.990165880163
0.991343647284
0.992331321001
0.993118829734
0.993739537234
0.99423802706
0.994725757705
0.995111768568
0.995382879734
0.995689608228
0.995959280699
0.99619943236
0.996391808719
0.996556654234
0.996720013155
0.996854920487
0.996980063477
0.99711102839
0.997234084401
0.997348732062
0.99744926598
0.997533199052
0.997616166759
0.997682778544
0.997756072898
0.997818954832
0.997875822151
0.997940183103
0.997999973968
0.998044925754
0.998097701547
0.998146105452
0.998189945984
0.998232413357
0.99827608091
0.998317548109
0.998357100998
0.998400634966
0.998438143436
0.998468884718
0.998501858451
0.998537091219
