0.583333333333
0.977902621723
0.989492283143
0.992918826396
0.994757113473
0.995928402259
0.996641480145
0.99713530539
0.997469440643
0.997746468156
0.997966421678
0.998148993604
0.998299955023
0.998433208857
0.998554382167
0.998648155068
0.99873377055
0.998809167813
0.998881118969
0.998944310352
0.999000242133
0.999050098348
0.999086960501
0.999129069682
0.999161952761
0.999199839488
0.999227933635
0.999253022905
0.99927862271
0.999302284401
0.999324663494
0.999346935347
0.999368776355
0.999385062282
0.999406213302
0.999423999876
0.999440913704
0.999456726352
0.999472363315
0.99948698051
0.999500060267
0.999511771329
0.999522611176
0.999533199262
0.999544677267
0.999554911775
0.999564032454
0.999573787626
0.999582593964
0.999591294374
