0.527777777778
0.699464886965
0.842677696078
0.905632358654
0.939278071529
0.953521979322
0.963795768874
0.970427462594
0.974964597278
0.978222304029
0.980679802805
0.982545447511
0.98420507566
0.985662742784
0.986785688913
0.987730070828
0.988645306764
0.989368009964
0.990012010204
0.990558318934
0.991044856581
0.991540011054
0.99196842727
0.992340396648
0.992683387715
0.992992987537
0.993291365343
0.993561898496
0.993814201681
0.994038340999
0.994259004738
0.994471270592
0.994659368867
0.994832398653
0.99498658614
0.995137442499
0.995282664815
0.995417341669
0.995542189621
0.995666495334
0.995784888515
0.995889705429
0.995996927436
0.99608113545
0.996177196598
0.996269532865
0.996356166495
0.996435792445
0.99651576406
0.996585289028
