0.583333333333
0.976880984952
0.988338295647
0.992740114478
0.994586339702
0.995792343738
0.996526699187
0.997061424281
0.997456425575
0.99773563889
0.997972482139
0.998162163631
0.998311178168
0.998441704312
0.998551244039
0.998638065265
0.998720806252
0.99879117503
0.998857457646
0.998920337843
0.998972506298
0.999016471266
0.999057714698
0.999095224131
0.99913587744
0.999174399678
0.999208378997
0.99923909905
0.999267797674
0.999296146423
0.999321918677
0.999343077593
0.999366386741
0.999385273924
0.999400917852
0.999418341224
0.999435414037
0.999451647921
0.999466302524
0.999479892462
0.999495111013
0.999507396066
0.999519476055
0.999532395675
0.999543593821
0.999554172866
0.999563983393
0.999573904548
0.999582099795
0.99959063655
