0.527777777778
0.673120089787
0.79247591468
0.881240382339
0.924914849281
0.947582891731
0.959452225839
0.967286894341
0.972994250301
0.97648634013
0.979559250144
0.981785622381
0.983551526634
0.984988225989
0.986306011133
0.987355773635
0.988260639938
0.989091422915
0.989771653823
0.990461250697
0.991016075549
0.991452913066
0.991858961401
0.992244396254
0.992591901579
0.992915178717
0.993234237767
0.993509315015
0.993768965982
0.994004093651
0.994239611094
0.994444216711
0.994631541244
0.994786740668
0.994949689172
0.99511752396
0.995268331049
0.995402842617
0.99550391175
0.995633748254
0.995750179398
0.995865310757
0.995977014353
0.996073028713
0.996173195575
0.996254361731
0.996327240412
0.996406453153
0.996482121267
0.996560056999
