0.527777777778
0.7341065081
0.873085148089
0.920080419275
0.943425588676
0.959107690729
0.967492204096
0.973010015045
0.976578914172
0.979160693264
0.981655754548
0.983408005758
0.985030934861
0.986246822959
0.987342693591
0.988325502283
0.989187582541
0.98985778645
0.990478299026
0.991022040418
0.991507047143
0.991932204202
0.99230721371
0.992664354163
0.992970257077
0.993300098976
0.993574243792
0.993829584026
0.994030190369
0.994261331333
0.994458266453
0.994644890774
0.994820326634
0.994990046337
0.995141468702
0.995295890906
0.995433800125
0.995547352144
0.995659811848
0.995776312291
0.995890835893
0.995987852996
0.996082836491
0.996170122324
0.996263629436
0.996342972698
0.996421684647
0.996502902764
0.996570848524
0.996641163953
