0.533333333333
0.714285714286
0.893735137075
0.939971896046
0.958895180297
0.969918005937
0.975735727253
0.979946366575
0.982898887155
0.985550980305
0.987157729168
0.988625921529
0.989726762239
0.990672582158
0.991455038911
0.992122756951
0.992617308246
0.993092802243
0.993449571609
0.993838808049
0.994196446885
0.994460754072
0.994700371212
0.994954033393
0.995158867241
0.995346713258
0.995535460455
0.99570460187
0.995844542986
0.995987674592
0.996116579213
0.996239824062
0.996376611325
0.996489348019
0.99659578032
0.996692872315
0.996786051933
0.9968777778
0.996974519466
0.997057778444
0.997130561247
0.997195118193
0.997254726469
0.997318556061
0.997379972942
0.997441249355
0.997498928755
0.997556129547
0.997614144063
0.997662735053
