0.541666666667
0.850914031621
0.944243490943
0.96867972069
0.978010228853
0.983076832375
0.986286694059
0.988786302616
0.990339372102
0.991450281356
0.992302468841
0.993094059419
0.993782916614
0.994282587386
0.994684082109
0.99504243453
0.995380322038
0.995686449359
0.995938466686
0.996175455833
0.996399167267
0.996563472521
0.996730961197
0.996862332781
0.996999708696
0.997118510871
0.99723960808
0.997348171103
0.997440465457
0.997525731413
0.997606619415
0.997690464623
0.997756587276
0.997828477559
0.997892093785
0.997954807529
0.998016502357
0.99806648069
0.998118550747
0.99816934334
0.998218118981
0.998257955346
0.998298198174
0.998340335311
0.998378017897
0.998414911224
0.998449903797
0.998482981589
0.998512677162
0.998544429532
