0.527777777778
0.659853745791
0.837282696795
0.913667712496
0.940147962167
0.956538033992
0.966209350569
0.97163866543
0.975818271628
0.978587406337
0.980875260181
0.982881822367
0.984462385757
0.98579098672
0.98688187532
0.987747013106
0.98864310123
0.989365312825
0.989997189094
0.990542936666
0.9910835302
0.991514391987
0.99198666838
0.99232516599
0.992697514718
0.99301672196
0.993318450896
0.993584387273
0.993832164287
0.994082565961
0.994317444539
0.994509429949
0.994702384502
0.99486035117
0.995046342759
0.995194732336
0.995334518391
0.995465714815
0.995596132132
0.995701022381
0.995813594201
0.995923445662
0.996025256867
0.996125349892
0.996220226592
0.996295067532
0.996381965965
0.996454358812
0.996532455582
0.996600016146
