0.527777777778
0.731389525507
0.868819479469
0.91709438523
0.94339878432
0.957927532899
0.966689826819
0.972263741957
0.976311589008
0.979443917852
0.981737133845
0.983663130844
0.985173212032
0.986428305586
0.987429847806
0.988318230658
0.989031380686
0.989764661969
0.990332442766
0.99090194918
0.991352457177
0.991784186321
0.992187260825
0.992446812678
0.992778272533
0.99310188616
0.993395704773
0.993667587248
0.993920442304
0.994124972257
0.99432791724
0.994531440401
0.994714252233
0.994880387236
0.995040941517
0.995189255034
0.995329558235
0.995459019683
0.995585718892
0.995714948959
0.995830929346
0.995941040575
0.99604790635
0.996154573122
0.996242168502
0.996326583045
0.996401024365
0.99647659414
0.996542173534
0.996619947516
