0.52380952381
0.596326530612
0.699624465171
0.802541103265
0.875338589461
0.920815974752
0.93891280564
0.951868881947
0.960251375068
0.966082919434
0.970459987002
0.973679500129
0.976164003497
0.978120661807
0.980010232265
0.981656102624
0.983031825858
0.984124498169
0.985147391252
0.986078348461
0.986825650478
0.987585208939
0.988246140622
0.988776351813
0.989373633355
0.989910716589
0.990304608877
0.990705704839
0.991088444259
0.991429162344
0.99174805771
0.992013231382
0.992281001398
0.992517340954
0.992765417036
0.992998255663
0.993238747855
0.993434281582
0.993641388945
0.993824062538
0.993999579514
0.994156283916
0.994307070066
0.994432733701
0.994556807097
0.994677827359
0.994819356985
0.994928869132
0.995048407283
0.995166261558
