0.533333333333
0.804703296703
0.912920859526
0.947946020585
0.962727168131
0.971373407762
0.976326805689
0.980538331839
0.98325072962
0.985223357248
0.987007223775
0.988354316951
0.989440250426
0.990273617045
0.991061266364
0.991731165031
0.992267856442
0.992803488389
0.993273624686
0.993672291623
0.994001216831
0.99431413188
0.99463153301
0.994899673235
0.995102523225
0.995311768534
0.99550093292
0.995665302725
0.995823396414
0.995981390627
0.996130333781
0.996262273418
0.996395676319
0.996528976541
0.996643206374
0.996735365766
0.996838096911
0.996926964937
0.997009074058
0.997084471969
0.99716351416
0.997234586874
0.997302989127
0.997362962614
0.997427186697
0.997486309602
0.997542853492
0.997603565604
0.997656046725
0.997702662231
