0.52380952381
0.695382395382
0.810621872078
0.885261287001
0.919903176916
0.94180890452
0.953903580414
0.96177371328
0.967146665069
0.97128161733
0.974430769792
0.97726324132
0.979079501967
0.980722115781
0.982209845489
0.983466554841
0.984670264834
0.985689858429
0.986573717432
0.987361732141
0.988048613049
0.988655149001
0.989227830962
0.989703115023
0.990173266843
0.990582705585
0.990962487553
0.991350946496
0.991684061438
0.992012699313
0.992281435534
0.992531917341
0.992775689896
0.993001299906
0.993237434871
0.993429077258
0.993604805168
0.993774071524
0.993923192053
0.994081290459
0.994229939837
0.994389254112
0.994521732869
0.994648256486
0.994787778401
0.994917676649
0.995045473296
0.995154013892
0.995252966388
0.995353785319
