0.52380952381
0.571671525753
0.656720779221
0.792212090428
0.866914262307
0.911203938065
0.933034021547
0.947830651779
0.957420447618
0.964308699093
0.969030586196
0.972597581588
0.975457257606
0.977745352871
0.979699339812
0.981314065481
0.982674983162
0.983883988995
0.984991060281
0.985928929286
0.986801613242
0.987466667165
0.988159733854
0.988779362611
0.989405507199
0.989943132917
0.990377112826
0.990740674514
0.991113434392
0.991519554314
0.991844764597
0.992120358064
0.992376485929
0.99267426117
0.992888457549
0.99307987155
0.993273995063
0.993451837931
0.993612879816
0.99378930935
0.993943247307
0.99407980435
0.994220896488
0.994373846221
0.994526770523
0.994664155307
0.99479496402
0.994911065505
0.995032078235
0.995139642005
