0.541666666667
0.846262755102
0.943372661565
0.966971334495
0.978289151493
0.983407194127
0.986517278311
0.988482335956
0.990050481679
0.991235065946
0.992216665205
0.992973313873
0.993543049081
0.994082803008
0.994511477932
0.994871736164
0.995220556568
0.995538731223
0.995814261907
0.99604149568
0.996236948796
0.996416672375
0.996600340393
0.996750901377
0.996879760327
0.997008105746
0.997135814704
0.997234112757
0.997340115278
0.997441594464
0.997527264266
0.997606992064
0.997672518768
0.99775219416
0.997821131044
0.997892285631
0.997946975347
0.997998355144
0.998057623814
0.998107981117
0.998154945492
0.998198081043
0.998240233453
0.998282366303
0.998320034629
0.998361744168
0.998394496466
0.998430036158
0.998466494417
0.998500124965
