0.527777777778
0.667679398148
0.844216692975
0.914091234178
0.941730111511
0.957255271705
0.966033583574
0.971931622966
0.975674203549
0.97881036063
0.981135004547
0.98305230015
0.984509784202
0.985781517603
0.986852308693
0.987881431929
0.988735067885
0.98952490364
0.990164516081
0.990725255673
0.991251664465
0.991783844007
0.992219587789
0.992620810996
0.992935366237
0.993240102025
0.993504063442
0.993747912751
0.993990046674
0.994198465665
0.994384490342
0.994569683541
0.994752353008
0.994931287609
0.995093716202
0.995220450809
0.995348152035
0.995466276124
0.995582426004
0.995698082488
0.995800168612
0.995910832315
0.996008031535
0.99609285722
0.996176735551
0.996266338941
0.996345831031
0.996426236395
0.996500039563
0.99658009194
