0.555555555556
0.897469504736
0.970240419152
0.982424377181
0.987540187401
0.990377966065
0.992281888405
0.993378987347
0.994373822469
0.995043035251
0.995550324401
0.995997965241
0.996392620778
0.996672085192
0.996929914982
0.997156705017
0.997364660043
0.997534900307
0.997686149985
0.997793008599
0.997897276536
0.998001728515
0.998103191674
0.998184941899
0.998266083403
0.998334584984
0.998401129742
0.998466041702
0.998519982085
0.998571254086
0.998618604175
0.99866516089
0.998703276308
0.998738386068
0.99876977327
0.998806733708
0.998839313986
0.998871705967
0.998902307005
0.998933816726
0.998960235942
0.99898351101
0.999008154754
0.999033217887
0.999057202594
0.999082708973
0.999102057812
0.999121925411
0.999140471607
0.999159552132
