0.541666666667
0.78466764214
0.941955425923
0.966780302379
0.977033751906
0.983065658979
0.986441820987
0.988560989947
0.990157063748
0.991381638047
0.992441617547
0.99318455763
0.993715572997
0.994236103535
0.994731248799
0.995095489387
0.99539779475
0.995713034532
0.995968889541
0.996190575068
0.996391268182
0.996569711723
0.996726985928
0.996884183913
0.997020576974
0.997133018105
0.997252467462
0.997352271769
0.997456219106
0.997538482817
0.99762049488
0.99769188086
0.99776058158
0.997823257161
0.997894512462
0.997952275792
0.998005222726
0.998059020709
0.998104618539
0.998157464785
0.998201436043
0.998244598147
0.998286715502
0.998321709258
0.998359890246
0.998398940602
0.998433435315
0.998465808007
0.998495292564
0.998522843186
