0.541666666667
0.879619565217
0.952952422685
0.971519273019
0.979875541063
0.984111063886
0.987100092837
0.988990571801
0.990439609093
0.99160980008
0.992398962076
0.99311908421
0.993697959019
0.994272976901
0.994703315964
0.995094759736
0.995434704967
0.995708392671
0.995959191424
0.996177724352
0.996396060804
0.996581384855
0.996743726635
0.996893112395
0.997013899444
0.997126244338
0.99723500293
0.997334120396
0.997437047868
0.997523688192
0.997613829951
0.997687866688
0.997763570358
0.997824512469
0.997886279404
0.997942221389
0.998000923993
0.998051444309
0.998106784147
0.998158701751
0.998206719074
0.998251258787
0.998293865326
0.998331953185
0.998366507561
0.998406537775
0.998439434855
0.998472560798
0.998504079
0.99852926949
