0.533333333333
0.740746934225
0.887423244179
0.940026689942
0.962437479616
0.971022050539
0.976738711902
0.980464492003
0.983321841437
0.985416727668
0.987148747573
0.988558861131
0.989655370936
0.990444755852
0.991183780678
0.991826551921
0.992447752124
0.992917524419
0.993320539007
0.993710652454
0.994064835065
0.994417730584
0.994668043144
0.994901767426
0.995122930428
0.99533312819
0.995523947082
0.99570014371
0.995856284539
0.996010237087
0.996144846097
0.996303030884
0.996413113423
0.996526532046
0.996624186441
0.99673462446
0.996835569864
0.9969190304
0.99700032299
0.997083200384
0.997160038018
0.997225215735
0.997295565723
0.997354945019
0.997409024073
0.997469486613
0.997528806811
0.997584378194
0.997645133479
0.997701534908
