0.546626984127
0.709383753501
0.851466454637
0.909718876402
0.941539071586
0.957090639441
0.966081876408
0.971265491937
0.975551231332
0.97876298085
0.9811169842
0.983048924263
0.984616124684
0.985823341769
0.9868812505
0.987852323754
0.988721819696
0.989505993882
0.990162980479
0.990730854005
0.991216154297
0.991692804944
0.992121256876
0.992512943717
0.992857569268
0.993183132124
0.993467983512
0.993714852971
0.993945419501
0.99415535025
0.994363945465
0.994559292033
0.994735844951
0.994903658777
0.995062909469
0.995213664037
0.995364961927
0.995484272067
0.995608350595
0.995718564748
0.995848611547
0.995959628536
0.996053424902
0.996149379791
0.996241390482
0.996336437854
0.996427587645
0.996494740502
0.996569313765
0.996641863354
