0.555555555556
0.956234973776
0.978419853254
0.986104370942
0.989318523377
0.991524386093
0.993047535572
0.994110517551
0.994911165985
0.995428803919
0.99594742463
0.996311350878
0.996606091219
0.996902182276
0.997119483111
0.997302094271
0.997466189055
0.997615872408
0.997742495693
0.997854051301
0.997972627393
0.998071228352
0.998149785848
0.998233126212
0.99831777833
0.998386870433
0.998448789602
0.99850368976
0.99855512057
0.998610879865
0.998657212422
0.998705901946
0.998748043267
0.998787136522
0.998824179412
0.998859087678
0.998886101427
0.998915328291
0.998945899961
0.998972419594
0.998996593391
0.999019920316
0.999043119591
0.999063975806
0.999083627999
0.999105891986
0.999125612672
0.999144033026
0.999159966529
0.999176108715
