0.533333333333
0.77655923908
0.907990281281
0.949220694355
0.965277661597
0.972739347766
0.978105012622
0.981612594966
0.984099601491
0.986020348896
0.987495078119
0.988716507281
0.989744781897
0.990633823529
0.991443918604
0.992124823968
0.992678980185
0.993095571148
0.993432579078
0.993803107185
0.994148086623
0.994427622655
0.994674094739
0.994897935204
0.995117243531
0.995298995241
0.995519724672
0.995706359662
0.995871941517
0.996021474307
0.996159095024
0.996283593001
0.996403464595
0.996504309534
0.996617186535
0.996713524627
0.996807746661
0.996913295373
0.997003513996
0.997081273876
0.997156272131
0.997231123674
0.997301069288
0.99736346917
0.997418194358
0.997476633891
0.997534140824
0.997588919392
0.997641461314
0.997684506666
