0.533333333333
0.794285714286
0.913839488065
0.94669094815
0.961787612565
0.972320151847
0.977363993228
0.980930040243
0.98368541222
0.985770735441
0.987339311589
0.988681219439
0.989731283279
0.990645414145
0.991399177854
0.99198432693
0.992484625063
0.992904482216
0.993321448137
0.993686145521
0.994026618133
0.994375679794
0.994639223019
0.994870607643
0.995097017338
0.995294074928
0.995495640674
0.995674115868
0.995848451434
0.996009446121
0.996148967572
0.996290699703
0.996396992713
0.996507234407
0.996611051854
0.996714167113
0.996798235678
0.996887737669
0.996973632111
0.997054330915
0.997129618752
0.997203551504
0.997268395887
0.997329720706
0.997386200055
0.997442924729
0.997505059578
0.997559666024
0.997607665829
0.997656369818
