0.52380952381
0.587698412698
0.710277735154
0.794591943955
0.875486365468
0.914379092174
0.935506580367
0.949311292935
0.957521497393
0.963131010398
0.968205966367
0.971977928444
0.975490037951
0.977863065535
0.979597986743
0.981481768684
0.982794293446
0.984001862988
0.985083264883
0.986036743844
0.986845642511
0.987577992817
0.98825756156
0.98885063756
0.989360565769
0.989839583693
0.990260389104
0.990651987116
0.991016268533
0.991361916863
0.991688332901
0.992010894204
0.992295642687
0.992549581318
0.992780836773
0.993033465411
0.99324226067
0.993450143667
0.993655061033
0.99381498764
0.993978767194
0.99412642604
0.994275108991
0.994417000469
0.99456879863
0.994687331026
0.994801244825
0.994912827105
0.995026430961
0.995133698016
