0.555555555556
0.878306878307
0.968201892304
0.981922915563
0.987024199653
0.989972943976
0.991881781908
0.993081169582
0.994162775968
0.994955647221
0.995543864625
0.996003457573
0.996365493717
0.996662419907
0.996917040985
0.997158487472
0.997337541301
0.997513510216
0.997641497138
0.997779652391
0.997910822484
0.998026115084
0.99812860341
0.998215253691
0.998295826627
0.998363438981
0.998422928692
0.998486849742
0.998544130162
0.998589196177
0.998636125191
0.998680904375
0.998720195643
0.998765976879
0.998799876461
0.998833744039
0.9988677249
0.99890283443
0.998932909853
0.998960701539
0.998988576797
0.999013240958
0.999035939519
0.999062616094
0.999084084293
0.999103454484
0.999122939391
0.999141330894
0.99916007257
0.999178031065
