0.555555555556
0.942840428744
0.972622482636
0.983662257713
0.98791325208
0.990558123671
0.992185158853
0.993463974018
0.99432557901
0.99503496222
0.99555679948
0.996000014565
0.996376330764
0.996655240453
0.996903773752
0.997120203553
0.997309854154
0.997485829705
0.997632932433
0.997761225288
0.997880230654
0.997973817655
0.99808156337
0.998170570188
0.998244499355
0.998320170922
0.998382933605
0.998451297021
0.998507382465
0.998568319348
0.99861874283
0.998667485182
0.998710803326
0.99874949724
0.998784400399
0.998823887292
0.998858365207
0.998891554356
0.9989197358
0.998947522313
0.998974107934
0.99900066939
0.999024178523
0.999048543003
0.999071309488
0.999092429102
0.999112447319
0.999130966977
0.999147940699
0.999168103668
