0.555555555556
0.931005398111
0.974754457013
0.985132230103
0.988637111443
0.991210816262
0.992808475513
0.993856766862
0.994684225745
0.99529466251
0.995788272986
0.996191538603
0.99653041472
0.996802489707
0.99704005285
0.997239616341
0.997388866464
0.997540541624
0.997671582708
0.997793210474
0.997906062082
0.998018670496
0.998115011864
0.998189795188
0.99826802308
0.99834048392
0.998404824241
0.99846388184
0.9985240483
0.998578330936
0.998622617129
0.998667590536
0.998705796284
0.998747327092
0.998790056882
0.998827887223
0.998861694941
0.998892070497
0.998920452241
0.998944965879
0.998975403448
0.999002574333
0.999024724834
0.999050536196
0.999071702589
0.999092698486
0.99911452746
0.9991355555
0.999153186762
0.999171872788
