0.583333333333
0.976480429798
0.990106281186
0.993311486156
0.99499871824
0.995967102577
0.996643416305
0.997072231793
0.997501494315
0.997796133227
0.997996997003
0.99819391933
0.998351628826
0.998476047868
0.998584993396
0.998681118001
0.998774106723
0.998847579149
0.998908571664
0.998966635634
0.999018874811
0.999063856476
0.999100099508
0.999138115625
0.999171670124
0.999203977925
0.999233560225
0.999262665672
0.999289894403
0.999316821335
0.999341768989
0.999364360322
0.999385270905
0.999405732575
0.999422549456
0.99943921347
0.999453156175
0.999466848105
0.999477953482
0.999490989845
0.99950253561
0.999514726075
0.999527230776
0.999536651918
0.999546120386
0.999556088924
0.999565724095
0.999575229814
0.99958500269
0.999593016446
