0.52380952381
0.626020408163
0.751310768858
0.822519359193
0.872913358608
0.909390129575
0.931566932411
0.946763236366
0.958160166242
0.964967772971
0.970071375209
0.973581090101
0.976491415956
0.978980757128
0.980884162086
0.982420405398
0.983836850666
0.984975004187
0.985956034512
0.986750679802
0.987461086794
0.988127324451
0.988726005038
0.989219011909
0.989682879105
0.990124577907
0.990585258711
0.991036050974
0.991394223448
0.991709556837
0.991988057799
0.992260498834
0.992539555314
0.992758282878
0.992964244605
0.993198202875
0.993423311208
0.99360972266
0.993777873656
0.993947908571
0.994125042106
0.994276381523
0.994428820829
0.994567555778
0.994695383734
0.994818265601
0.994927582686
0.995049141818
0.995145381391
0.995248005205
