0.555555555556
0.935646889493
0.974881166881
0.984607869117
0.989024561915
0.991387634395
0.992953384938
0.994006482001
0.99475904914
0.995394212803
0.99588853245
0.996272041965
0.996635696734
0.996903712225
0.997124262098
0.997315122084
0.997484022465
0.997632457162
0.997774322982
0.997894517703
0.997996986296
0.99809091309
0.998181506625
0.998258059103
0.99833040845
0.998394779061
0.998449319272
0.998512950152
0.998569300329
0.998615245197
0.998662064796
0.998703700928
0.99874602545
0.998786319783
0.998818989859
0.998851198248
0.998882667306
0.99891302998
0.998939250873
0.998964250822
0.998988351911
0.999012781433
0.999037058517
0.999059027071
0.999081725484
0.999102935983
0.99912222593
0.999142170701
0.999160887736
0.999179318005
