0.555555555556
0.919601571268
0.969673301419
0.981142314476
0.987049556943
0.990475948683
0.992291189513
0.993545662681
0.994410271483
0.995082889857
0.995577083535
0.996023564543
0.996389956563
0.996711353867
0.996936255518
0.997159637807
0.997355333543
0.997495266797
0.997649735422
0.997757585894
0.997878789105
0.997985634338
0.998086778577
0.998173479955
0.998250068153
0.998326221694
0.998394741677
0.998454296106
0.998509994544
0.998570210564
0.998624840585
0.998670586884
0.998705868083
0.99875113559
0.998791846389
0.998825506144
0.998860034705
0.99889098567
0.99892121342
0.998950624244
0.998977930699
0.999003420668
0.99902645388
0.999050304129
0.999071239246
0.999092520919
0.999111464506
0.999129440785
0.999146560067
0.999164892483
