0.527777777778
0.673173436041
0.834367157897
0.908902540877
0.936302659202
0.953987098743
0.963564591572
0.970206368825
0.974897760595
0.978320872406
0.980971643985
0.982754055199
0.984333282482
0.985696199827
0.986690626299
0.987728582479
0.988540256859
0.989288788033
0.989911419619
0.990488386257
0.991001577987
0.991506047276
0.9919289727
0.992284834989
0.992575236007
0.992907407619
0.993206229835
0.993464661683
0.993712215197
0.993934742289
0.994158669647
0.994346536962
0.99452474732
0.99470781193
0.994886698961
0.995047481309
0.995189364017
0.995335464529
0.995471643899
0.995578100612
0.995695642231
0.995801426377
0.995900663961
0.996012513685
0.996102725091
0.996193510537
0.996283596262
0.996371113203
0.996447881304
0.996528408226
