0.583333333333
0.97162427773
0.987455042642
0.991918699187
0.99427755129
0.995721851886
0.996425245779
0.996980463404
0.9973453286
0.997659042177
0.997923984761
0.998126030076
0.998296731383
0.998438063217
0.998548008889
0.998635278222
0.998707560655
0.998782311838
0.998853478962
0.998915103384
0.99897091791
0.999026047596
0.999069982267
0.999114064274
0.999157362582
0.999191754954
0.99922465597
0.999253857334
0.999281185603
0.999304137788
0.99932792413
0.999351504592
0.99937070067
0.999390088348
0.999406763854
0.999422198263
0.999436482226
0.99945296473
0.999465955101
0.999480253868
0.999494588507
0.999506279879
0.999518171945
0.999529721948
0.999540312632
0.999551653515
0.999562350623
0.999571076027
0.999580608364
0.999589033187
