0.583333333333
0.976725361197
0.989337076438
0.993126170167
0.994876708159
0.995886792816
0.996568741289
0.997100815851
0.997443501291
0.997749383829
0.997980387742
0.998166921072
0.998305896571
0.998445077923
0.998574130865
0.998666150961
0.998753351976
0.998828981135
0.998902412721
0.998961557674
0.999012524023
0.99905674954
0.999098540073
0.999137110876
0.999170901595
0.999207190474
0.999238188166
0.999266238207
0.999294394016
0.999318421112
0.999339171002
0.999360823834
0.999380603982
0.999397150221
0.999413187699
0.999430126409
0.999444869977
0.999460248278
0.999474931314
0.999488784932
0.99950154801
0.999514405639
0.999525308831
0.999535565887
0.999546319494
0.999557148339
0.999567805443
0.999577138553
0.999586342563
0.999594234859
