0.52380952381
0.65552088604
0.812513492948
0.880560996757
0.915809277755
0.93687091535
0.948987612487
0.956836110283
0.963617273827
0.968628245392
0.972631812972
0.97576377226
0.978137771847
0.980296063146
0.981807250009
0.98329173979
0.984444065596
0.985330590247
0.986204390056
0.98703145777
0.987761102419
0.988396357857
0.989052800017
0.989581992629
0.990005003681
0.990398170462
0.990782334049
0.991146893704
0.991502054194
0.991825893118
0.992146236851
0.992421885555
0.992650916039
0.992871617055
0.993114364451
0.993321713934
0.993511880149
0.993723178385
0.993919114245
0.994082448282
0.994246590143
0.994408172009
0.994526780167
0.994658396164
0.994797486129
0.994899759246
0.995011259605
0.995121831807
0.995219535382
0.995330592305
