0.583333333333
0.974964838256
0.989035433386
0.992787229053
0.994684053827
0.995802151065
0.996535927211
0.997050776123
0.997395546296
0.997664758664
0.997910626222
0.998097577301
0.998253686609
0.998404667311
0.998508752434
0.998607090234
0.998691707407
0.998770078518
0.998852898846
0.99891333387
0.998967257594
0.999023426551
0.999065303542
0.999106683821
0.99914676902
0.999178685226
0.999210817862
0.999241086426
0.999271886104
0.999297608373
0.999321384787
0.999342791429
0.999363099466
0.999382769113
0.999401635037
0.99941769165
0.999433049145
0.999449248627
0.999463798215
0.999478154349
0.99948999188
0.999503169894
0.999515428111
0.999526316178
0.999537115468
0.999547909082
0.999557162953
0.999566928017
0.999577027372
0.999585883932
