9.991714383630000418e-01
9.991699205830000263e-01
9.991755714079999517e-01
9.991849666740000302e-01
9.991718297160000484e-01
9.991627434830000487e-01
9.991666635710000355e-01
9.991797178219999909e-01
9.991777623530000429e-01
9.991725754429999773e-01
9.991785097969999585e-01
9.991676820610000398e-01
9.991659898460000244e-01
9.991752245470000293e-01
9.991752461259999496e-01
9.991596505600000011e-01
9.991578915400000094e-01
9.991902259110000406e-01
9.991718727880000150e-01
9.991636605439999652e-01
9.991735147689999597e-01
9.991815106589999607e-01
9.991791174190000069e-01
9.991661655169999934e-01
9.991613921140000132e-01
9.991819464779999604e-01
9.991906032680000216e-01
9.991628646729999730e-01
9.991613260489999870e-01
9.991703709210000284e-01
9.991675781509999910e-01
9.991769360550000201e-01
9.991669281239999867e-01
9.991635921739999704e-01
9.991745875830000401e-01
9.991658836679999656e-01
9.991680383200000071e-01
9.991659873689999749e-01
9.991577024390000394e-01
9.991793180050000389e-01
9.991649525650000419e-01
9.991632756410000482e-01
9.991786667480000439e-01
9.991730021039999521e-01
9.991581313630000238e-01
9.991731402329999678e-01
9.991626703639999718e-01
9.991725056410000194e-01
9.991802952939999871e-01
9.991703485689999997e-01
9.991681036680000183e-01
9.991740215140000325e-01
9.991830729870000427e-01
9.991739443639999774e-01
9.991745409950000267e-01
9.991776235289999697e-01
9.991656054640000173e-01
9.991621961290000353e-01
9.991689126210000493e-01
9.991790230520000149e-01
9.991756363889999770e-01
9.991865736160000511e-01
9.991795878429999833e-01
9.991659350870000234e-01
9.991769640909999861e-01
9.991734112510000099e-01
9.991739608180000287e-01
9.991772901109999827e-01
9.991633429959999591e-01
9.991612582550000177e-01
9.991810591549999954e-01
9.991570460509999752e-01
9.991646909989999603e-01
9.991853408309999685e-01
9.991695044559999461e-01
9.991834672720000254e-01
9.991837554189999526e-01
9.991713220140000518e-01
9.991822124779999870e-01
9.991704766179999586e-01
9.991761087149999554e-01
9.991578007439999576e-01
9.991753046729999754e-01
9.991625328450000065e-01
9.991605192989999606e-01
9.991648924830000000e-01
9.991669921679999788e-01
9.991762747819999957e-01
9.991780097450000397e-01
9.991683108579999528e-01
9.991824532220000554e-01
9.991780310650000274e-01
9.991641603749999989e-01
9.991595521320000284e-01
9.991601701729999618e-01
9.991813243349999540e-01
9.991800645709999484e-01
9.991783858849999644e-01
9.991742154949999621e-01
9.991708785280000171e-01
