0.533333333333
0.646363636364
0.87167709999
0.932821626585
0.958402240296
0.970125189965
0.976294402795
0.9807182697
0.983691338589
0.985677166778
0.987275679952
0.988680752909
0.989812132842
0.99071221535
0.991415320938
0.991983507216
0.992547907893
0.99300686475
0.993405034067
0.993757446118
0.99408460954
0.994400875596
0.994661199071
0.994917839678
0.995132354276
0.995330595548
0.995538338755
0.995718361066
0.99587765122
0.996031880554
0.996157188942
0.996287005197
0.996408330159
0.996518856658
0.996608917898
0.99672459967
0.996831635075
0.996916200384
0.996993044751
0.997071195578
0.997147263802
0.997227319792
0.997295616124
0.997361745776
0.997417520351
0.997475855635
0.997535548673
0.997589847777
0.997639395797
0.997690486108
