0.52380952381
0.686568491033
0.820380895273
0.889889778696
0.923555834696
0.940512705677
0.95338190569
0.960199407977
0.966133228967
0.970430954549
0.973367451326
0.97601323406
0.978134572423
0.979990962036
0.98140190213
0.982856920712
0.984006178344
0.985033899062
0.985964524147
0.98678451356
0.987540267214
0.988255550453
0.988838934344
0.989329151532
0.989813570607
0.990207646657
0.990634983036
0.991013882773
0.991386101226
0.991705364868
0.991995454155
0.992276676041
0.992550805026
0.992797633278
0.993025610388
0.99324240946
0.993424100131
0.99360286973
0.993786578753
0.993937508902
0.994078226463
0.994222741972
0.994381340193
0.994534228972
0.994650767005
0.994756808473
0.994886950932
0.995012864014
0.995127942704
0.995233155196
