0.527777777778
0.690872013789
0.839602493294
0.90907215864
0.939175686378
0.954457177951
0.963917531753
0.970454697635
0.974543841494
0.977973249683
0.980539496823
0.982408305208
0.984080081042
0.985508075018
0.986819491469
0.987740899266
0.988612296303
0.989359754696
0.98995246518
0.990571504193
0.991065731853
0.991512754764
0.991924538496
0.992342433715
0.992694238124
0.99301286657
0.993295053705
0.993521466141
0.993759036408
0.994001944969
0.994243265341
0.994439390807
0.994629748093
0.994811907414
0.99494112343
0.995104010767
0.995242661318
0.995376802233
0.995506353957
0.995634180657
0.995761128462
0.995884418847
0.995991901177
0.996074722244
0.996166045263
0.996260956524
0.996344602513
0.996424042577
0.996505968339
0.996582896333
