0.546626984127
0.732130998567
0.841775201815
0.900436809822
0.939766955947
0.955807216029
0.965134795924
0.97190858826
0.976046977661
0.978765559541
0.981193890531
0.983168437917
0.984629618094
0.9858509081
0.987021881594
0.98791186278
0.98877740699
0.98942509621
0.990074377998
0.990683764644
0.991162255996
0.991666152271
0.99205224882
0.99235748022
0.9926873294
0.992991142862
0.993275281018
0.993528230331
0.993775852671
0.994007146548
0.994223272762
0.994414121205
0.994608777986
0.994776963553
0.994954910985
0.995100879038
0.995227528392
0.995377993514
0.995495402806
0.995606759574
0.995726765593
0.995845890411
0.99595076693
0.996053499359
0.996143715774
0.996250254204
0.996339617956
0.996420365789
0.996499826692
0.996575421527
