0.555555555556
0.946357252578
0.975762447271
0.984923684561
0.98877978625
0.991427558916
0.992787641003
0.993834515913
0.994599618905
0.995271299262
0.995744326486
0.99613860601
0.996467098438
0.996789511157
0.997019244115
0.997245688345
0.997419521642
0.99757232572
0.997704426651
0.997813633839
0.997914961584
0.998023883559
0.998116687353
0.998195605493
0.998268238013
0.99834569301
0.998405624418
0.998462047147
0.99852275085
0.998575275548
0.998624229241
0.998670268911
0.998715547049
0.99875572121
0.998791122775
0.998827529952
0.998859277809
0.998895145344
0.998921558117
0.998951450837
0.998978475701
0.999001941696
0.999025311065
0.999046396336
0.999066844111
0.999085894222
0.999106299154
0.999124213059
0.999143005088
0.999161326049
