0.52380952381
0.580994897959
0.732034728024
0.845053194877
0.896332083095
0.923561873926
0.940966939781
0.953686596365
0.961358814117
0.967041245483
0.971302036111
0.974213964666
0.976675161943
0.978749933085
0.980563408789
0.982164938069
0.983408399609
0.984458490327
0.985539937071
0.986360257731
0.987166716919
0.987792868551
0.988429896353
0.989018813965
0.989502974297
0.989981991277
0.990438018625
0.990831650185
0.991217193409
0.991559042734
0.991841587849
0.992131107563
0.992394613364
0.99264571312
0.992874042003
0.993096189001
0.993316876007
0.993513933233
0.993695583728
0.993866939398
0.994036703688
0.994173522113
0.994318455049
0.994459970215
0.994584300407
0.994705917386
0.994831095733
0.994959131524
0.995077126444
0.995198953844
