0.533333333333
0.810729085729
0.91551553149
0.952418575481
0.966670118937
0.973797220089
0.979049314428
0.982612534522
0.98492397559
0.986634547137
0.988089348756
0.989276133992
0.990141295935
0.990943010566
0.991638472305
0.99218340908
0.992684065356
0.993133390314
0.993533205067
0.993878292589
0.99418831685
0.994483176685
0.994727255585
0.994955500657
0.995167052533
0.995365182254
0.995523365633
0.995695587894
0.995873891196
0.996019670104
0.996171408471
0.996296770664
0.996418808204
0.99653500681
0.996642009057
0.99674586947
0.996848388817
0.99693783761
0.997018270825
0.997093965336
0.997169580825
0.997244714414
0.997319106244
0.997377250764
0.997434362017
0.997496285328
0.997550889304
0.997604721303
0.997649371335
0.997699472409
