0.555555555556
0.914021164021
0.969055051511
0.98189337499
0.987257468833
0.990216238234
0.992202332929
0.993485160741
0.994405284012
0.995109154364
0.995651562663
0.996045917
0.996421791843
0.9967286278
0.996978479638
0.997205245961
0.997375544134
0.997540248704
0.997670430388
0.997790171599
0.99789981756
0.998003605735
0.998092132371
0.998187544097
0.998265969244
0.998333920755
0.998395378195
0.998451380676
0.998509090453
0.998558487628
0.998610136633
0.998664880951
0.998706310659
0.998745623147
0.998781909727
0.998819180991
0.998853333921
0.998885190265
0.99891796144
0.998947970713
0.998973855485
0.998999291314
0.999021133311
0.999041012293
0.999062873244
0.999082651958
0.999103426769
0.999123614123
0.999143526262
0.999163275641
