0.541666666667
0.89993585044
0.957062226393
0.973823762452
0.980650471445
0.984772833002
0.98753895213
0.989366927014
0.99076166775
0.99180564049
0.992651962336
0.993319364203
0.9939038526
0.994404365519
0.994797136932
0.995167354726
0.995455707184
0.995703414118
0.995960676226
0.996180754851
0.996365518285
0.996545864946
0.996702562598
0.996854806543
0.996984807376
0.997111283897
0.997237648221
0.997335800044
0.997437051003
0.997530411249
0.997614762831
0.997701151249
0.997761669439
0.997828582707
0.99789567178
0.997959527225
0.99802189056
0.99807714699
0.998135796841
0.998185188478
0.99823165898
0.99827397846
0.998320356093
0.998363173704
0.99839824957
0.998435938146
0.99847206181
0.998506034304
0.998538962902
0.998568832218
