0.583333333333
0.973824074074
0.988960716231
0.992968627413
0.994665452678
0.995794399237
0.996526699187
0.997036113041
0.997438806787
0.997729352078
0.997970612514
0.998182345779
0.998331464967
0.998467784923
0.998565938216
0.998665566921
0.998743980863
0.998814717692
0.998871662157
0.998932248211
0.998982225987
0.999028794409
0.999076226464
0.999118162871
0.999156834925
0.999192868842
0.999223311279
0.999253719186
0.999280588665
0.999305799693
0.999328366066
0.999350164997
0.999371374451
0.999389219458
0.999407027001
0.999423836006
0.999439949568
0.999455661849
0.999470489052
0.999484417862
0.999498632898
0.999510523622
0.999522315493
0.999533694918
0.999543584551
0.999554567204
0.999564360432
0.999572908188
0.999582285466
0.999590760979
