0.583333333333
0.977984749455
0.989445986514
0.993159898682
0.994771197391
0.99577568818
0.996481956538
0.996948895768
0.99739073158
0.997676552206
0.997905285924
0.998128848609
0.998287077128
0.998423672929
0.998542246948
0.998636907795
0.998722718067
0.998802031701
0.998865417447
0.998937496894
0.998995695468
0.999041847632
0.999082765437
0.999121450032
0.999157716331
0.999194028047
0.99922675069
0.999254981557
0.999279646108
0.999304438193
0.999328495544
0.999351152967
0.999372302705
0.999390866761
0.999407983906
0.999423171259
0.999437933424
0.999453714176
0.999469331544
0.999483000613
0.999496397717
0.999508657831
0.999520248582
0.999530609007
0.999539897048
0.999550969499
0.999561393869
0.999572194353
0.999580727861
0.999589589261
