0.533333333333
0.726086956522
0.867090029317
0.935890514498
0.959441428001
0.970692101135
0.976413380056
0.980526564388
0.983417187977
0.985669038706
0.987198198157
0.988366296923
0.989458119063
0.990456756097
0.991176702656
0.99182265799
0.992391819656
0.992937676752
0.993367991199
0.993728262008
0.994077157956
0.994408625457
0.994673805756
0.994927950514
0.995123578223
0.995328549086
0.995519094933
0.995694565274
0.995860897409
0.996014599141
0.996154157189
0.996286737508
0.996411144883
0.996533340851
0.996646473781
0.996749596336
0.996837850778
0.996923773445
0.996997336598
0.997080467371
0.997154003374
0.997228556211
0.997302997251
0.997369271527
0.997425854523
0.997480594421
0.997533380461
0.997587348394
0.997641387679
0.997691295592
