0.555555555556
0.939654217615
0.975356625485
0.984789973848
0.989043767954
0.991409125616
0.992964110291
0.994088564394
0.994811425967
0.995420467726
0.995940411576
0.996286824913
0.996600830615
0.996865931226
0.99708215203
0.997281165455
0.997442871785
0.997593214404
0.997722068211
0.997839145999
0.997941229804
0.998049735731
0.99813805916
0.998210560481
0.998304181203
0.998371406122
0.998433145012
0.998489198922
0.998545271581
0.998597527504
0.998652313378
0.998700567537
0.998739365379
0.998776325279
0.9988064926
0.998841768823
0.998871946124
0.998905480293
0.998935187835
0.998961517012
0.998986388382
0.999011196606
0.999037212054
0.999062007087
0.99908174011
0.999102754786
0.99912344166
0.999142427114
0.99916080586
0.999176936055
