0.541666666667
0.878548977618
0.952320943682
0.971186367366
0.980395713161
0.984777010408
0.987779136275
0.989389475186
0.990719240007
0.991979838241
0.99281100312
0.993474302937
0.994046776372
0.994561475808
0.994990315581
0.995295347831
0.99557534549
0.995813322615
0.996049562381
0.996264302733
0.996440629705
0.996611321388
0.996767974323
0.996902211639
0.997019030861
0.997138863694
0.99724632807
0.997342371878
0.997440144917
0.997533413439
0.997613614928
0.997693914809
0.997761367795
0.99782296265
0.997887961523
0.997941742389
0.99800238662
0.998051467536
0.998105237377
0.998158757462
0.998205152509
0.998254312091
0.998296455132
0.998336891391
0.998377294977
0.998415225126
0.998455575074
0.998488748086
0.998522391822
0.998554747983
