0.583333333333
0.973859649123
0.988652919051
0.992847917645
0.994681866735
0.995835916289
0.996601360201
0.997110713279
0.997465043958
0.997766210567
0.997971694232
0.998163553361
0.998317622606
0.998454109457
0.998569368732
0.998672120422
0.998751561523
0.998826499181
0.99889375353
0.998944545177
0.998998557759
0.999046405079
0.999091805956
0.999132409375
0.999162250213
0.999197909451
0.999231475576
0.999260433412
0.999285013499
0.999312464784
0.999335310099
0.99935816516
0.999376616567
0.999396726652
0.999414052906
0.999431557993
0.999448459732
0.999462216206
0.999477802089
0.999489523772
0.99950172132
0.99951396793
0.999525721964
0.999537142122
0.999547006955
0.999557604779
0.999567625968
0.999577148194
0.999585360202
0.999593861054
