0.527777777778
0.628417107584
0.787168152517
0.869670153645
0.917672713358
0.946315963644
0.960028126719
0.967098678937
0.972614778234
0.975695026839
0.978849011229
0.98147975256
0.983215672922
0.984870648122
0.986117535332
0.987215738046
0.988131200005
0.988891967427
0.989554802573
0.990168476139
0.990722810044
0.991227335102
0.99164395465
0.992091133365
0.992448947997
0.992813143059
0.993067661865
0.99337434323
0.993650781596
0.993875599593
0.994105265288
0.994296221981
0.994509164981
0.994674000045
0.994833766392
0.994988987532
0.995149987508
0.995283028647
0.995419636532
0.995547846548
0.995668806445
0.995766842956
0.995866410795
0.9959724519
0.996074577939
0.996162720312
0.996258675553
0.996345033971
0.9964176266
0.996484497694
