0.533333333333
0.745776353276
0.891632853141
0.942240123152
0.9615638631
0.971480033197
0.977190336385
0.980525508205
0.983204197036
0.985380544358
0.98708960108
0.988407666067
0.989474674404
0.99030598516
0.991039702953
0.991759054279
0.992310201103
0.992852027154
0.993288314662
0.993685155559
0.994046664424
0.994358564435
0.994628386243
0.994875237139
0.995092553396
0.99527384306
0.995465329976
0.995648756183
0.995823495214
0.995976784556
0.996113333546
0.99622665006
0.996359133445
0.996476845412
0.996580145496
0.996679253662
0.996776661269
0.996862885818
0.996939575098
0.997021852587
0.997096217616
0.997179692823
0.997248756058
0.997310726904
0.997375439368
0.997432504399
0.997483746824
0.997545022585
0.997593872355
0.997644389558
