0.533333333333
0.766509133568
0.895120941458
0.941725844525
0.961593456357
0.971452050796
0.976836715442
0.980860806523
0.983958762034
0.985778078533
0.987413805523
0.98872380075
0.989743743113
0.990629177394
0.991345475099
0.992029938183
0.992542336609
0.99303350068
0.993445774857
0.993832400723
0.994189621842
0.994476525555
0.994737794307
0.994975279365
0.995198682658
0.995400955267
0.995599014355
0.995770979496
0.995927681969
0.996083359462
0.996229250636
0.996339255541
0.99644719015
0.996566461413
0.99665718464
0.996753264413
0.996847142225
0.996931428546
0.997009318004
0.997096286876
0.997173260008
0.997244858752
0.997313392836
0.997371372315
0.997436180808
0.997494509756
0.997548897515
0.997596974971
0.997652119841
0.99770408568
