0.541666666667
0.871325536062
0.951241770058
0.96994840527
0.978756324664
0.983803794531
0.986503638485
0.988611630455
0.990099772333
0.991433741678
0.99238378134
0.993015624277
0.993639401016
0.9941591091
0.99460552241
0.99499326523
0.995332673409
0.995635051378
0.995897147966
0.996117570716
0.99631659636
0.996481763491
0.996654782465
0.996811097985
0.996956921323
0.997079293178
0.997184155917
0.99729217624
0.997406234031
0.997486298745
0.997563246472
0.99764850281
0.997723750437
0.997791108268
0.997858448323
0.997922888496
0.997985220122
0.998044689469
0.998094351536
0.99814667039
0.998194880557
0.998240593262
0.998282017734
0.998325541259
0.998364907287
0.99839481555
0.998431175262
0.998460522002
0.998495438659
0.998526118322
