0.583333333333
0.971215611706
0.986024989959
0.991396699247
0.993836248395
0.99523941739
0.996270045428
0.996821112909
0.997253384561
0.997607932712
0.997886571661
0.998085153413
0.998247919743
0.998395456582
0.998511281898
0.99862017464
0.998717525153
0.998793985293
0.998858683549
0.998916198937
0.998971915009
0.999017420576
0.999067731361
0.9991072512
0.999145689032
0.99918076553
0.999210841663
0.999238752723
0.999269886877
0.999297602497
0.999325755234
0.999347750605
0.999365361647
0.999384499495
0.999402696795
0.999420370391
0.999435741154
0.999451377927
0.999466594038
0.999479911172
0.99949270711
0.999506477445
0.999517663502
0.999529241411
0.999539430943
0.999549086504
0.999558639372
0.99956862988
0.999577913338
0.999586551228
