0.527777777778
0.703359351087
0.848791385748
0.911953020595
0.941995659483
0.956417786828
0.965681365332
0.971442833052
0.975739150051
0.978895954004
0.981175012697
0.982975961301
0.984542449951
0.985801203976
0.986943736699
0.987874525475
0.988779988634
0.98956902528
0.990199146596
0.990775348193
0.991306540296
0.991707576733
0.992106286525
0.992453591137
0.992766662627
0.993071059832
0.993371182434
0.99361508467
0.993844581014
0.994075890006
0.994307370379
0.994510822046
0.994672895759
0.994852298723
0.994997436711
0.995160173606
0.995278498149
0.995403552801
0.995546901346
0.995677256637
0.99579030647
0.99587366338
0.995979803829
0.99608798142
0.996191118662
0.996276086568
0.996364568059
0.996447135839
0.996531304307
0.996610874756
