0.527777777778
0.708843143739
0.853152155115
0.913150474545
0.938763585997
0.954751250277
0.963671279359
0.970203198661
0.975425914955
0.97845066025
0.980926600738
0.982878119488
0.984426821497
0.985739499965
0.986743731863
0.987694740814
0.98853940499
0.989283147851
0.989980785814
0.990571003813
0.991047252433
0.991561506981
0.992002438419
0.992377791556
0.992760262603
0.993040063845
0.993335164909
0.993606223951
0.993846141709
0.994062738068
0.994278854838
0.994478539541
0.99466956069
0.994847334994
0.995020331973
0.995180809826
0.995317628333
0.995457958544
0.995567607508
0.995674313922
0.995791578924
0.995898469777
0.995998414531
0.996090376539
0.99617235037
0.996254332328
0.996342102966
0.99642058852
0.996500599376
0.996582153515
