0.583333333333
0.972770467836
0.988468136797
0.99198245835
0.994389582444
0.995623821054
0.996423326751
0.99695183565
0.997351522957
0.997655704585
0.997897443327
0.998094310317
0.99827659564
0.998413230957
0.99852409295
0.998625458122
0.998701852218
0.998773581369
0.998839631888
0.998899329565
0.998953019115
0.999008178772
0.99905386859
0.999097779921
0.999133933734
0.999170645927
0.999204646089
0.999235260569
0.999261457242
0.999287393678
0.999312291519
0.999334263572
0.999352282121
0.999371485302
0.999391815884
0.999409624596
0.999427633992
0.999444106019
0.999459000782
0.999473925705
0.999485721631
0.999497717611
0.999508377234
0.999519486357
0.999530386746
0.999541079665
0.99955140502
0.999560595546
0.999569229592
0.999577583212
