0.583333333333
0.977416385214
0.988970104109
0.992564020342
0.994545220063
0.99567266111
0.99649386384
0.997085439692
0.997440350813
0.997725969659
0.997990959827
0.998189200303
0.998341800766
0.998475738145
0.998590625322
0.998687331068
0.998769138004
0.998836089975
0.998899862013
0.998955884697
0.999009173796
0.999055605979
0.999087814737
0.999125723292
0.999162449527
0.999195175068
0.999225785009
0.999255808878
0.999284644557
0.999311114089
0.999335834334
0.999357003317
0.999377424231
0.999396029564
0.999415953652
0.999432368322
0.999448024611
0.999463156997
0.999477871491
0.999490237153
0.999502909175
0.999516365243
0.999527557629
0.999538681892
0.999548379415
0.999558448874
0.999567332251
0.999576764292
0.999584588093
0.999594278675
