0.533333333333
0.850742460727
0.926355170126
0.953820294785
0.96605560245
0.973406124547
0.979161177561
0.982154855599
0.984910742342
0.986791807732
0.988255966827
0.989417613595
0.990220614766
0.991048533158
0.991626269219
0.992162915183
0.992719501348
0.993149773508
0.993573304077
0.993918235201
0.99426090593
0.994573797614
0.994814222536
0.99502112285
0.995230320471
0.995410101659
0.995609116813
0.995779951525
0.995942827578
0.996074236626
0.996202341273
0.996344997296
0.996450783211
0.996562738027
0.996652117136
0.996740187388
0.996824263652
0.996906210531
0.996987395739
0.997070838185
0.99714433229
0.997215772434
0.997284391693
0.997349149768
0.997411913359
0.997467491938
0.997523812174
0.997576797886
0.997628629961
0.997684266788
