0.52380952381
0.638166845686
0.749075068624
0.819817829953
0.887172373099
0.917611121309
0.938109687914
0.952381258826
0.960665481287
0.966340878717
0.970680599098
0.974069611241
0.976549835654
0.978711415191
0.980546746292
0.98197080483
0.983250865552
0.984399336422
0.98533131018
0.986202722201
0.987083688737
0.987770624273
0.988383547554
0.988970704774
0.989480023897
0.989912298847
0.990418085979
0.990795805771
0.991115754822
0.991431163799
0.991745786063
0.992031706835
0.992317560839
0.992562033061
0.992794366573
0.993069297536
0.993282453052
0.993465795899
0.993646048243
0.993821689966
0.993999899558
0.994159739178
0.994298960491
0.994433939231
0.994557591414
0.994685022407
0.994811695495
0.994949004938
0.995058124075
0.995166146207
