0.555555555556
0.949537925022
0.974994141661
0.984553598742
0.98870880892
0.991011782229
0.992660652683
0.993770218509
0.994553665008
0.995141386613
0.99565437542
0.996100531373
0.996431712242
0.996720630025
0.996974615799
0.997182134694
0.997363868228
0.997529568675
0.997673421616
0.997812438392
0.997927422712
0.998027363174
0.998111104707
0.998197684951
0.998270915688
0.998344454853
0.998409079432
0.998474894408
0.998528695864
0.998583096892
0.998630098639
0.998672560921
0.998716988282
0.998756976188
0.998797160642
0.998828434415
0.998862595573
0.998895570994
0.998925378996
0.998953357748
0.998979829535
0.999003739586
0.99902874471
0.999051544746
0.999073997166
0.999092343522
0.999112905959
0.999133903482
0.99915281332
0.999170370921
