0.555555555556
0.932077554413
0.974111624119
0.984202717539
0.988608476117
0.991300009408
0.992805259191
0.993974181401
0.994816451583
0.995433025785
0.995883956495
0.996273512649
0.996559673324
0.99682648762
0.997056088391
0.997234207767
0.997396316863
0.997547614864
0.997689514402
0.997829106039
0.997942076708
0.998053654035
0.998137785434
0.998215548241
0.998292768117
0.998357873711
0.998420423975
0.998478758121
0.998533100326
0.998586709039
0.998632371421
0.998675619121
0.998720114755
0.99875864989
0.998791994386
0.998826358739
0.998861305259
0.998886083846
0.998914832565
0.9989411911
0.998967605048
0.998992329286
0.999016897857
0.999041779335
0.999064878853
0.999086407916
0.999107219899
0.999126993865
0.999146063138
0.999164690999
