0.527777777778
0.618253968254
0.786802799824
0.888829561827
0.928536949979
0.949924491667
0.961501578037
0.96893766994
0.97370825378
0.977330421183
0.980034086442
0.982065308523
0.983840273851
0.98518288768
0.986534649259
0.987602484497
0.988441661136
0.989137421087
0.989803150406
0.990375231837
0.99093788737
0.991397019316
0.991838177459
0.992224842937
0.992568660552
0.992875720737
0.993131751405
0.993403174781
0.993643312621
0.993900598773
0.994122236627
0.9943389755
0.994531253469
0.994703505417
0.994888250647
0.995039011042
0.995186687151
0.995323911139
0.995450525853
0.995588089874
0.995706383085
0.99581137687
0.995914175092
0.996000762573
0.996097894881
0.996196689389
0.99627790613
0.996372526538
0.996455080916
0.996533889241
