0.583333333333
0.972407417478
0.987373061168
0.992073093029
0.994225628291
0.995310636157
0.996186411825
0.996784765385
0.997188096162
0.997538660189
0.997781967967
0.998016086033
0.998210830444
0.99835094072
0.998476814079
0.998585188937
0.998676779104
0.998768268781
0.998832983117
0.998893460939
0.998948896643
0.999002763476
0.999050311399
0.999089568693
0.999131876571
0.999168692529
0.999202200995
0.999231920827
0.999258865754
0.999281749428
0.999307704086
0.999331356613
0.999352820887
0.999374679437
0.99939437324
0.999411802
0.999429044054
0.999443826431
0.999456792585
0.999470480293
0.999483340259
0.999496745625
0.999508139409
0.999519261686
0.999530662051
0.99954080031
0.999551012948
0.999560583155
0.999570215971
0.999579962227
