0.533333333333
0.791854441854
0.904433034002
0.945026933364
0.962987263277
0.971770882149
0.977915273992
0.98166548605
0.984300297076
0.986235542917
0.987657255759
0.988917735104
0.989949860834
0.990831943877
0.991573954819
0.992177712023
0.992643498507
0.993087453824
0.993494943712
0.993842347206
0.994147316309
0.994398909641
0.994644912491
0.994871492625
0.99508764789
0.995308580552
0.995498034472
0.995678022118
0.995836565605
0.995969929644
0.996116867796
0.996249526347
0.996361464908
0.996485180002
0.996581888528
0.996686278154
0.996789166778
0.996881993551
0.996960616145
0.997040260311
0.997120518193
0.99719250433
0.997259088123
0.997323968416
0.997390003891
0.997449382866
0.997507843114
0.997562519507
0.997609189901
0.997657592507
