0.541666666667
0.826800201121
0.942895620205
0.968362130339
0.978183813588
0.98337842328
0.986482308247
0.98887668262
0.990517956074
0.991647269268
0.992559860177
0.993280093171
0.993827483347
0.994286625005
0.994714664614
0.995098091342
0.995399289976
0.995652980288
0.995902316051
0.996141532715
0.996358294781
0.996533618757
0.996696805244
0.996834488594
0.996968875983
0.997085103381
0.997192812951
0.997299756567
0.997400137846
0.997484764415
0.99756892166
0.99765365844
0.997729866042
0.997790103665
0.997854465379
0.997912033478
0.997971245494
0.998025732204
0.998077723568
0.99813400815
0.998179586399
0.998224608212
0.998265105577
0.99831086971
0.998347462631
0.998388949699
0.998423719082
0.998456353021
0.998494487139
0.998526411635
