0.541666666667
0.850990889452
0.944148055546
0.969567337315
0.978168402856
0.983319886188
0.98657854603
0.988668319724
0.990150523868
0.991254360318
0.992096461252
0.992796914024
0.993286851007
0.993877444762
0.994371663428
0.994802213361
0.995217398119
0.995546209057
0.995832683008
0.996062465494
0.996275682304
0.996463504521
0.996625932791
0.996778081756
0.996922957198
0.997063618723
0.997187142722
0.997297359099
0.997394328511
0.997485175394
0.997569001229
0.997645761527
0.997722616877
0.997800290794
0.997867519848
0.997927547082
0.997989410402
0.998047203733
0.998098484857
0.998148359148
0.998193396553
0.998242198752
0.998282691302
0.99832564607
0.998360146182
0.998398045757
0.998433161441
0.99846914135
0.998503982732
0.998536847065
