0.533333333333
0.793738454059
0.907901766611
0.94798748756
0.964711738657
0.973213648838
0.978481748509
0.981951726101
0.984574765173
0.986406597999
0.987773550615
0.988927165232
0.990044343364
0.9908272446
0.991600502837
0.99215751622
0.992706585038
0.993160893368
0.993547358899
0.993912636058
0.994213067731
0.994500348726
0.994804428811
0.995030218325
0.995269537472
0.995458885164
0.995641268632
0.995802152181
0.995945001974
0.996081540701
0.996207645325
0.996325575347
0.996434879897
0.996556320047
0.996650942062
0.996752532125
0.996848657026
0.996929395561
0.99700897316
0.997087191885
0.997159791679
0.997225975796
0.997306727829
0.997367142195
0.997436817604
0.997492389523
0.997544876449
0.99760538688
0.997654755383
0.997705283565
