0.541666666667
0.884469370942
0.953114703615
0.970272475988
0.979112026373
0.984255670575
0.987169379067
0.989220888217
0.990573162576
0.991757017563
0.992574536857
0.993306675838
0.993840984452
0.994319319743
0.994744677714
0.995061037721
0.995386320236
0.995655713774
0.995881331035
0.996085226377
0.996287826854
0.996496279845
0.996664975251
0.996808470335
0.996922125457
0.997034447937
0.997149792599
0.997268720816
0.997365630092
0.997464375034
0.997550033481
0.997643111705
0.997717866141
0.997793235904
0.997857919286
0.997919467736
0.997975542129
0.998028080452
0.99808783592
0.998136581011
0.998188577453
0.998235849812
0.998275932425
0.998320342655
0.998361653497
0.998396575032
0.998429793625
0.998465654572
0.998493767421
0.998523099467
