0.533333333333
0.801285714286
0.917406720668
0.949698091153
0.96364309558
0.972143784361
0.977879705843
0.981399262233
0.983946608446
0.985702596736
0.987157011949
0.988504677376
0.989600186629
0.990562594788
0.991258773521
0.991859054855
0.992456465287
0.992956369521
0.993350560906
0.99373404175
0.994071698618
0.994389276304
0.994682093225
0.994917959726
0.995167000177
0.995385441183
0.995584105615
0.995762538962
0.995929017026
0.996063193812
0.996194019142
0.996315591843
0.996429636467
0.996542989448
0.996643012604
0.996744722648
0.996836160886
0.996919211274
0.997000905491
0.997075821377
0.997157653942
0.99723653184
0.99730943827
0.997372151753
0.997439149979
0.99749451358
0.997554043697
0.997602198854
0.99765027863
0.99769744467
