0.645833333333
0.97514471214
0.988056575146
0.992658480555
0.994387125368
0.99559889488
0.996312747532
0.996837555627
0.997239384851
0.997579586158
0.997845810205
0.998058899919
0.998244693218
0.998382498293
0.998508018359
0.998612540513
0.998705078617
0.998783047158
0.998849564233
0.998912064211
0.998960688439
0.999007614254
0.999054550607
0.999095629097
0.999136237669
0.999167792055
0.999200361674
0.999230585782
0.99925662719
0.999281476465
0.999303984709
0.999327150515
0.999349476626
0.999368383322
0.999389219771
0.999406965557
0.999422211764
0.999437479476
0.999452270859
0.999466294924
0.99948042537
0.999493706383
0.999507788431
0.99952112664
0.999532327039
0.999542907955
0.999552722806
0.999562027449
0.99957113638
0.999578280911
