0.533333333333
0.798821898822
0.907996092433
0.946794354274
0.96114353047
0.971197976178
0.976518747392
0.980788931055
0.98365270509
0.985698866291
0.987185172268
0.988414260798
0.989521297143
0.99040663954
0.991284072758
0.991934514722
0.992549946107
0.993078927441
0.993463071298
0.993859381912
0.994166280101
0.994488801214
0.994716435221
0.994954482113
0.995155560504
0.99536838032
0.995570561907
0.995734414188
0.995894402346
0.996043508055
0.996186889786
0.996300221186
0.996426918969
0.996542049738
0.996640909798
0.996745945072
0.996835216395
0.99692568839
0.997016915851
0.997092232013
0.997174188242
0.997242061367
0.99731039501
0.997379152941
0.997442458204
0.997495543405
0.997546839184
0.997602122736
0.997651840139
0.997704571769
