0.555555555556
0.945587761675
0.976949626652
0.985498572777
0.989356451234
0.991534843385
0.993055037814
0.99404706301
0.994918446269
0.99551941422
0.995933249975
0.996285535433
0.996605404794
0.996867763777
0.997094727856
0.997288686245
0.99745214019
0.997602801154
0.997754297467
0.997890277713
0.998000245242
0.998085425817
0.998174003334
0.998256358317
0.998325847009
0.998387904758
0.998455687334
0.998510500766
0.998561389439
0.998610303632
0.998659246545
0.998700361058
0.998738364279
0.998771735588
0.998809064453
0.998842225842
0.998877292119
0.998911555595
0.998942616955
0.998969099447
0.998994267503
0.999016452536
0.99904050189
0.999063465856
0.999085510585
0.999105397339
0.999124050161
0.99914225185
0.999160264869
0.999178509797
