0.555555555556
0.953749315818
0.979096110977
0.985948907342
0.989630461864
0.991541571148
0.992969895259
0.994081886958
0.994829845129
0.995384675754
0.995870768739
0.996235983909
0.996523333842
0.996775835006
0.997007744502
0.997206689642
0.997371791037
0.997545763231
0.997688884443
0.997811511687
0.997918382627
0.998016349656
0.998104446622
0.998193656595
0.998270682304
0.998340208313
0.998404877657
0.998463124459
0.998515289414
0.998569849623
0.998618613636
0.998665084427
0.998708787029
0.998748149465
0.998788042479
0.998824065713
0.99885299906
0.998881389392
0.998907828258
0.998933082458
0.998958829612
0.998988329114
0.99901169463
0.99903590601
0.999058265356
0.999082278972
0.999103232374
0.999124702813
0.999143480217
0.999161258255
