0.541666666667
0.853341073271
0.948634237549
0.970124188656
0.978775233128
0.983627138207
0.98634964813
0.988589026322
0.990106875625
0.99120269638
0.992169144227
0.992993282306
0.993670774119
0.994217926511
0.994661379717
0.995078783175
0.995432799843
0.99575508056
0.995976142087
0.996190151248
0.996410020072
0.996593944987
0.996751851635
0.996900091446
0.99702239748
0.997145064029
0.997248039333
0.997346955624
0.997443977603
0.997545128701
0.997638061314
0.997716446159
0.997790334613
0.997862798048
0.997924668603
0.997981634559
0.99803780106
0.998095064009
0.998145051705
0.99819381538
0.998239657122
0.998281080297
0.998321465646
0.998363485292
0.998402782846
0.99843992989
0.998474255859
0.998503827329
0.998534008552
0.998566559535
