0.527777777778
0.675320512821
0.796795610304
0.902293535737
0.932389613556
0.950041252488
0.960288981219
0.967427071873
0.972535121976
0.976843297543
0.97928818457
0.981574342941
0.983349336766
0.98481737788
0.986223066722
0.987226998095
0.988226067714
0.98893251519
0.989656273671
0.990331517498
0.990901961662
0.991386806208
0.991802508761
0.992177848965
0.992517795809
0.992833975427
0.993149825223
0.993429925017
0.993699967902
0.993941048252
0.994165812827
0.994371858268
0.99453122199
0.99470764668
0.994876179347
0.995042242367
0.99519397347
0.995333304397
0.995460021629
0.995584719116
0.995711738478
0.995824282524
0.995933071884
0.9960245407
0.996105860786
0.996192229067
0.996286470162
0.996372703204
0.996450708525
0.996528237278
