0.533333333333
0.755925925926
0.901842910103
0.949206494295
0.964342339059
0.972929786776
0.978273900899
0.981700940561
0.984140302004
0.986103596149
0.98751222707
0.988768468963
0.989859970311
0.990656877734
0.991384940015
0.992014766103
0.992508173641
0.992997090207
0.993381477287
0.993761035146
0.994084419206
0.994334185444
0.994615848204
0.994865230443
0.995072537032
0.995271911376
0.995467026468
0.995653739133
0.995832380144
0.995976725856
0.996129594654
0.9962716
0.996384921494
0.996491346514
0.996596519668
0.996694474236
0.996795412053
0.996884907942
0.996970604009
0.997047372675
0.997119319305
0.997196142076
0.997273520013
0.99733115207
0.997390646564
0.997445453331
0.997506310155
0.997562472662
0.997607791513
0.997662530737
