0.555555555556
0.943712659416
0.977603561631
0.985911246583
0.989628070175
0.991877538931
0.993138648264
0.994125243395
0.994828385914
0.995451084074
0.995919854163
0.996283029109
0.9966067398
0.996877152847
0.997092653734
0.997272839328
0.997436616957
0.997595533028
0.997726140366
0.997845741368
0.997946465652
0.998047046149
0.998139428968
0.998218656988
0.998285891458
0.998363915195
0.998425802379
0.998487463684
0.998542090797
0.998590797405
0.998634530657
0.998679081794
0.998720292591
0.998758412656
0.998800541592
0.99884012714
0.998873150438
0.99890543907
0.998937178858
0.998964137282
0.998991607576
0.999017085327
0.999040428949
0.999060754304
0.999084399203
0.999106690942
0.999126022578
0.999143569742
0.999161446509
0.999177623529
