0.541666666667
0.909922756982
0.958339037206
0.972455693955
0.980471737522
0.984742873909
0.987510752427
0.989475181915
0.99091410858
0.991926543981
0.992766189649
0.993401141196
0.993968668951
0.994435654146
0.994856531701
0.995200426204
0.995517829968
0.99575790707
0.996020062978
0.996216267601
0.996411997817
0.996592231752
0.996765669856
0.996895466737
0.997016693492
0.997125383669
0.997229274124
0.997328659355
0.997435499964
0.99752575535
0.997607391501
0.997700758311
0.997776219032
0.997846442425
0.997909374597
0.997971716777
0.998029138046
0.998086760043
0.998138314447
0.998187175499
0.998233665572
0.998277396417
0.998310357311
0.998349495673
0.998389855556
0.998426681067
0.998460362069
0.998493724328
0.998524227172
0.998553584648
