0.583333333333
0.976333907057
0.988967428261
0.992767982806
0.994594041911
0.995796481909
0.996474197906
0.996966620586
0.997376610601
0.997688753648
0.99794550581
0.998169337537
0.99832113173
0.998456915978
0.998574441245
0.998678768895
0.998762860032
0.998834576051
0.998898339914
0.998952565955
0.999000705709
0.999048749603
0.999094495097
0.999134863118
0.999169045977
0.999200449646
0.999224409758
0.999254240358
0.99928266231
0.999307233697
0.999332249696
0.999350854434
0.999372426482
0.999390282041
0.999407945726
0.999425620304
0.999439161882
0.999455615069
0.999471187034
0.999482529375
0.999495175304
0.999507953061
0.999521742257
0.999533262736
0.999542929646
0.999552523835
0.999561538521
0.999571032931
0.999579940443
0.999587640508
