0.533333333333
0.800044345898
0.914234268235
0.949496328563
0.96471287353
0.972275921326
0.977708216115
0.981332278989
0.984052479771
0.986209436952
0.987788334434
0.988971006033
0.990011990567
0.990871298033
0.99151481747
0.992019372243
0.992550049638
0.993036781164
0.993438777773
0.993828000188
0.994127836282
0.994397364464
0.994665789532
0.994920170523
0.995148666623
0.995355393826
0.995540890858
0.995712167179
0.995870653779
0.996017505507
0.996169445294
0.996288590193
0.996411216935
0.996531095926
0.996637258061
0.996735141266
0.996820231116
0.996908700514
0.996987508541
0.997068440212
0.997143879279
0.997212543349
0.997275479667
0.997341253779
0.997406959737
0.997462579673
0.997522626172
0.997580861149
0.997628373423
0.997677772239
