0.541666666667
0.905139822901
0.956378420607
0.971755223916
0.979513014533
0.984385826809
0.987198262622
0.989007795516
0.990524388576
0.991660785875
0.992510595507
0.993162559543
0.993730792966
0.994273805616
0.994684822701
0.995051915877
0.995350386559
0.995671516121
0.995944538339
0.996165544762
0.996342660891
0.996524445822
0.99670649782
0.996847640025
0.996985004072
0.997105920809
0.997215271724
0.997323137253
0.997421732115
0.997508985473
0.997606598937
0.997680724508
0.997748486253
0.997811209226
0.997870903903
0.997937725885
0.997998147909
0.998058009336
0.998107317392
0.998151653634
0.998199446498
0.998238757174
0.998287084281
0.998325479081
0.998363585662
0.998405831118
0.998437650166
0.998471464582
0.998502885787
0.998535488429
