0.533333333333
0.801482822189
0.908902778637
0.947482586462
0.964403126794
0.972769945724
0.978087750047
0.98144842001
0.983692652912
0.985805378274
0.987417486248
0.988597233014
0.9897097835
0.990524697282
0.991300971873
0.9919129443
0.992518343996
0.99297569652
0.993366909929
0.993746912584
0.994070613819
0.994366904969
0.99466046719
0.994899407004
0.99510510269
0.995298469531
0.995477282862
0.995668975202
0.995814250385
0.995963525228
0.996134277771
0.996260118435
0.996368761642
0.996484943227
0.996590742965
0.996690130872
0.996787608566
0.996881346558
0.996967069965
0.997046774827
0.997122731874
0.997192787181
0.99725718063
0.997323413258
0.997380786934
0.997445068728
0.997507211369
0.997564605925
0.997617191333
0.997663171394
