0.645833333333
0.973933413078
0.98882891115
0.99302831107
0.994701550617
0.995820248959
0.99656001169
0.997082174946
0.997430824585
0.997753931327
0.998004925528
0.998159075277
0.998322814313
0.998445378286
0.998542804135
0.998632294992
0.998714598271
0.998791189386
0.998862207341
0.998928870935
0.998980950802
0.999026024605
0.999072082451
0.999114191572
0.999147661667
0.999183426348
0.999215527478
0.99924583814
0.999276166369
0.999300696992
0.999325182779
0.999344048146
0.999365129012
0.999384612122
0.999400472559
0.999419116042
0.999434570249
0.99945100035
0.999465218504
0.999479922796
0.999493597654
0.999504757974
0.999516195453
0.999527371588
0.999540301306
0.999549638714
0.999559390568
0.999569038879
0.999577862981
0.999586533986
