0.527777777778
0.73933531746
0.862766736925
0.91445735346
0.941838245489
0.955517262726
0.964593450301
0.97079576917
0.974911511234
0.977816758983
0.980809667867
0.982845245242
0.984602664833
0.985943760664
0.986973295169
0.987944705661
0.988774700303
0.989435025023
0.9901185432
0.990630183873
0.99111390776
0.991529601404
0.991925556156
0.992316516099
0.992671752031
0.99299539418
0.993298221054
0.993567311513
0.993805509203
0.994019832598
0.994216377438
0.994401424603
0.994579427327
0.994739991266
0.994909821957
0.995078479945
0.995222284195
0.995368697907
0.995499837692
0.995643025219
0.995750092338
0.995861836707
0.995969062576
0.996048777884
0.996147861012
0.996239555722
0.996317971737
0.996400439779
0.996479041983
0.996554030623
