0.541666666667
0.898421830901
0.957586646925
0.973228629603
0.980479429497
0.984617712266
0.987478238095
0.98938616489
0.990695517818
0.991795050174
0.992598746923
0.993312362342
0.993911705985
0.99436713994
0.994787998064
0.995146226668
0.99544550271
0.995742031537
0.995960779246
0.996183344366
0.996397300738
0.996550068564
0.996711547331
0.996852884242
0.996955456464
0.997070646756
0.997180387469
0.997282937006
0.997387646343
0.997480729335
0.997563192651
0.997645968513
0.997718112932
0.997795072442
0.997859760959
0.997913792066
0.997974485601
0.998027300998
0.998079474093
0.998132831223
0.998181827578
0.998230719797
0.998282169221
0.998326863882
0.998366622751
0.998407983018
0.998440027726
0.998473039637
0.998502192102
0.99852970629
