0.533333333333
0.816062091503
0.926439232409
0.952987116017
0.965414558713
0.973018550174
0.978079300404
0.98168222688
0.984188069595
0.986202419345
0.987762932107
0.989015455808
0.989925094936
0.99084717708
0.991518393905
0.992117288852
0.992607047731
0.993062461263
0.993488135058
0.993824981519
0.994136327328
0.994457452032
0.99470825295
0.994930687197
0.995148743626
0.995362278621
0.995525988167
0.995707962515
0.995866525438
0.996002422345
0.996126056421
0.996271321024
0.996384417785
0.996505517076
0.99661224973
0.996710035455
0.996810306069
0.996898967464
0.996987212103
0.997066454278
0.997144756105
0.997223640564
0.997293945307
0.997355491826
0.997409041456
0.997469730534
0.997532727914
0.997584888283
0.997642285525
0.997693317783
