0.52380952381
0.679434850863
0.807912401324
0.86975346229
0.909183213762
0.934104859241
0.947923242488
0.956439174544
0.963243671435
0.968642648366
0.972415426113
0.975246658611
0.977651243135
0.979488285622
0.981252538389
0.982764121533
0.983873517991
0.984909737812
0.985830416904
0.986734926687
0.987461431825
0.988142300067
0.98872996701
0.989225062446
0.989703277789
0.990185744474
0.990578235443
0.990928892841
0.991281521762
0.991569863856
0.991892487864
0.992187864476
0.992447743723
0.992701238454
0.992951703551
0.993148751607
0.993331860829
0.993528725253
0.993692886616
0.993873854491
0.994022842984
0.994185947899
0.99432433692
0.994460748074
0.994607936626
0.994739801664
0.994864514773
0.994981396174
0.995092353893
0.995199253491
