0.555555555556
0.921245421245
0.972979846646
0.984099226708
0.988533723698
0.991056497417
0.992723285921
0.993794163993
0.99456320075
0.995257369326
0.995771583514
0.996209106423
0.996547083379
0.996803996231
0.997079295799
0.997278281237
0.997450056376
0.997599872323
0.997760836854
0.997876704103
0.997984872078
0.998074120666
0.998165116191
0.998249329576
0.998323966819
0.998390754846
0.998452682928
0.998516667927
0.998566121845
0.998620591991
0.998665705183
0.998702945889
0.998746049852
0.998784173134
0.998820008403
0.998855801268
0.998885447416
0.99891504152
0.998945932093
0.99897188259
0.998998144889
0.999024394942
0.999048019838
0.999070830092
0.999091676389
0.999111605734
0.999129984933
0.999150384203
0.999167520901
0.999185340831
