0.555555555556
0.940539702233
0.974586386279
0.985145310541
0.989200348825
0.991505397888
0.99309041636
0.994252498815
0.994993380659
0.995543196529
0.996020032848
0.996328605655
0.9966223712
0.996897453292
0.997154907477
0.997342748575
0.99750845703
0.997627134089
0.997765259987
0.997888668333
0.997986566388
0.998088848019
0.998169103597
0.998251654576
0.998320775392
0.998393522637
0.998444777829
0.998496859348
0.998557462557
0.998605531328
0.998651825997
0.998697996547
0.998733312393
0.998768842022
0.99880670691
0.998837533212
0.998869343316
0.998900476957
0.998927418522
0.998953389795
0.998980028749
0.999004705422
0.99903128388
0.999055478374
0.999077347631
0.999097973291
0.999115725292
0.999133823749
0.999152220678
0.999170348569
