0.546626984127
0.681727763569
0.788736158912
0.890111192716
0.932070992548
0.950942324735
0.962363222159
0.969301358764
0.974214321887
0.977931879128
0.980670128041
0.982814747751
0.98433730811
0.985514528314
0.986533462011
0.987692895539
0.988543624191
0.989320091725
0.989968471437
0.990574928173
0.991128200976
0.991543398161
0.991905154612
0.992325955023
0.992655748285
0.993010025521
0.993308283714
0.993566657343
0.993796717862
0.994051836457
0.994275262564
0.994436234283
0.99462896765
0.99479945225
0.994968169143
0.995135375882
0.9952681313
0.99540702766
0.995522024895
0.995648450962
0.995769166269
0.995888272024
0.995992557369
0.996093318973
0.996186458913
0.996282928798
0.996368295809
0.996446850643
0.996519509577
0.996586610828
