0.52380952381
0.637277638328
0.738534208847
0.831000225885
0.892385457778
0.925348995226
0.940695587828
0.952025767722
0.960622828129
0.96649050027
0.970333353978
0.973951378186
0.976918943636
0.979115415829
0.980797567376
0.982209602296
0.983354620797
0.984615820814
0.985683259821
0.986559505665
0.987348388922
0.987979978033
0.988599119512
0.989061068947
0.989581609853
0.989980343476
0.990453224249
0.990870805414
0.991182141371
0.991528146718
0.991849798006
0.992115719729
0.99239930114
0.992627099248
0.992872148437
0.993084090045
0.993295648057
0.993499187248
0.993689850631
0.99387129651
0.994023262785
0.994194234648
0.994357640089
0.994488209145
0.994614328037
0.994734993662
0.994874597974
0.994985487043
0.995102027519
0.995206634623
