0.52380952381
0.601020408163
0.742433288596
0.838257189275
0.899052607335
0.929689045738
0.946172354561
0.956091458872
0.963590374838
0.96883352812
0.972677565547
0.975195621762
0.97753068633
0.979332224501
0.98115554729
0.982629181448
0.983755549317
0.984902526964
0.985898428808
0.986763191787
0.987409212043
0.988049319799
0.988618681207
0.989185077756
0.989676048476
0.990150686654
0.990543057081
0.990928713565
0.991273002113
0.991629735313
0.991964693763
0.992214825428
0.992514444878
0.9927527507
0.992989466963
0.993201356936
0.993425269862
0.993592689
0.993778292468
0.993955165721
0.994105716632
0.994243560142
0.994388194649
0.994522327551
0.994654544821
0.994785501069
0.994921701974
0.995025585632
0.99513896779
0.995239346998
