0.533333333333
0.819109461967
0.916420995993
0.949069006973
0.965461934839
0.973625157639
0.978368850184
0.982051397234
0.984243688084
0.98644463893
0.987884579572
0.989017251704
0.989879267443
0.990791821388
0.991467263867
0.992080724252
0.992573103292
0.993040316735
0.993460159792
0.993826071519
0.994161644728
0.994432600599
0.994672524887
0.994938500518
0.99515082974
0.995367368854
0.995549099884
0.995712624302
0.995856516219
0.995994443302
0.996143713232
0.996282272016
0.996400087523
0.996519541711
0.996634175083
0.996730419006
0.996821662949
0.996918202184
0.99701080007
0.997093168284
0.997163369499
0.997237336142
0.997303718586
0.997376770079
0.997438645606
0.997498830696
0.997553568301
0.997607999279
0.997659061262
0.997708136877
