0.52380952381
0.646950981349
0.779808262324
0.86402941321
0.910887639356
0.934007828614
0.947679628861
0.957368641037
0.96437320501
0.969020601875
0.972517092528
0.975136185089
0.977726526176
0.979838944393
0.981473710166
0.98299356934
0.98428074308
0.985255317657
0.986029281015
0.986905911279
0.987684339301
0.988312010479
0.988892194051
0.989409398306
0.989892304811
0.990307749782
0.99073245996
0.991098837139
0.991421154127
0.991724563564
0.992011022948
0.992251422327
0.99249683671
0.992754494641
0.993005496954
0.993232288537
0.993457117493
0.993637341899
0.993820075102
0.993987479689
0.994133837893
0.9942634587
0.994406470831
0.994525862072
0.99464841726
0.994769225216
0.994888077396
0.995008205995
0.995117808405
0.995230448611
