0.533333333333
0.722740447958
0.887126577127
0.933176529085
0.956434276359
0.968033669525
0.975501952558
0.98007833773
0.983280520569
0.985357538871
0.987175847197
0.988610435038
0.989708932881
0.990562003735
0.991255305361
0.991947720761
0.992481485415
0.99298468015
0.993371460464
0.993765663796
0.994107044312
0.994403915195
0.994678317441
0.994930206875
0.995111595712
0.99531487796
0.995504921285
0.995687185857
0.995847539038
0.996007535059
0.996152465011
0.996278133938
0.996391093372
0.996516248114
0.996610533936
0.996712727724
0.996814721679
0.996912731253
0.996997125071
0.997081412377
0.99714515882
0.997220323817
0.997287941655
0.997353309229
0.997413334584
0.997471829047
0.9975332892
0.997588689114
0.997641063884
0.997690666297
