0.583333333333
0.978334906669
0.989473104056
0.993217844693
0.994734982096
0.995862718484
0.996542852958
0.997030754517
0.997425643
0.99769586172
0.997955985235
0.998162437239
0.998311506092
0.99843073324
0.998554077169
0.998652361522
0.998744040326
0.998816400602
0.998883933785
0.998944932502
0.998995968501
0.999043887257
0.999087434526
0.999124099896
0.99915919266
0.999196037174
0.999229672586
0.999261790927
0.999285736249
0.999310529529
0.999333423783
0.999356612536
0.999373652737
0.999392490529
0.999410969734
0.999426681904
0.99944013501
0.999453767248
0.999469213054
0.999483355981
0.999496492209
0.999510067382
0.999520880878
0.999532852594
0.999542994755
0.999551703164
0.999561628648
0.999571198613
0.999579586999
0.999588320993
