0.555555555556
0.930588907947
0.971515384347
0.983537850596
0.988598667415
0.991283207212
0.99275351656
0.993728703858
0.994563573925
0.995214197808
0.995726027888
0.996118236657
0.996471682566
0.996723604361
0.996961992276
0.997171829569
0.997356657603
0.997532542437
0.997659089097
0.997775153021
0.997882433997
0.998000646221
0.998090848181
0.998180018286
0.998263620761
0.998333647388
0.99839892668
0.998462992302
0.998518207106
0.998565524744
0.998612101796
0.998663640077
0.998706052523
0.998748177161
0.998785115217
0.998819174323
0.998851686438
0.998883061312
0.998913503561
0.998942830097
0.998972152527
0.998996909212
0.999023382217
0.999045054623
0.999068398032
0.999090603599
0.999110828662
0.999130537938
0.999148335509
0.999165935087
