0.541666666667
0.863853492743
0.952466452466
0.971301655329
0.979753300918
0.984235973311
0.986926843322
0.988755061803
0.99022484434
0.991373852319
0.992198722408
0.992933975202
0.993621881179
0.994092960958
0.994540141165
0.994885511416
0.995231591734
0.995503814859
0.995789231591
0.996047817775
0.996307319229
0.996480453495
0.996651639359
0.996787913113
0.996921777625
0.997055496426
0.997188191703
0.997296173604
0.997380672122
0.997469242436
0.997562523549
0.997641165564
0.997709401722
0.997774786046
0.997846946983
0.997911097854
0.997967993311
0.998030590886
0.99808461689
0.998136611244
0.998181674885
0.998223927407
0.998267495744
0.998306661309
0.998346948837
0.998386278371
0.998424684912
0.998456596793
0.998491658993
0.99852466785
