0.541666666667
0.836212121212
0.943129366006
0.967232076866
0.978047198906
0.983525687657
0.986481578198
0.988766601848
0.990389639907
0.991456831655
0.992260255264
0.993040066101
0.993652611805
0.994193711329
0.994630069594
0.99497687044
0.995300046407
0.995603355132
0.995855995521
0.996092914498
0.996304659758
0.996515652129
0.99670569673
0.996841686455
0.996981112724
0.997111231164
0.997224345776
0.997317983435
0.997415065451
0.997501844952
0.997576675494
0.997657513383
0.997739783215
0.997803220975
0.99786814282
0.997929812228
0.997993589989
0.998046011056
0.998098357843
0.998148997223
0.998197186023
0.998247283954
0.998291989575
0.998328597936
0.998367612631
0.998403378469
0.998437863732
0.998474052975
0.998506130706
0.998538031711
