0.645833333333
0.974796224796
0.988218150749
0.992262505463
0.994267222437
0.995634602558
0.996443891367
0.996939558046
0.997327907104
0.997664815939
0.997895771549
0.998108747471
0.998254032553
0.998398076411
0.998504579511
0.998614071826
0.998697942605
0.998776709902
0.998843093633
0.998909499131
0.99896973755
0.999017326663
0.999056792403
0.999101716263
0.999138044881
0.999171183994
0.999204219749
0.999234377162
0.999264003157
0.999287346784
0.999312562583
0.999334306969
0.999356781856
0.999373903243
0.999394917705
0.999413205807
0.999429764948
0.999445268714
0.999460090613
0.999474017976
0.999486846771
0.999499934874
0.999512014522
0.999523525266
0.999536443697
0.999546945299
0.999558539207
0.999569001728
0.999578541291
0.999586554832
