0.52380952381
0.687411250214
0.819834639722
0.885451755462
0.918010074489
0.935499938965
0.948365685726
0.958101277864
0.964275394992
0.969334146303
0.972842599273
0.975587515903
0.977975449426
0.980022023591
0.981569667678
0.982820078356
0.984140272735
0.985303284945
0.986357525702
0.987112092882
0.987837179101
0.98846093273
0.989056173514
0.989505054471
0.989962185005
0.990409522853
0.990736847037
0.991104094807
0.991429887451
0.991747188371
0.99206545861
0.992355612208
0.992594928764
0.99283065628
0.993078627471
0.99330391695
0.993481578003
0.993670478241
0.993849822258
0.993999997713
0.994139506966
0.994297974014
0.994430451629
0.994569805641
0.994706912525
0.99484383879
0.99495738364
0.995068909092
0.995184886846
0.995278959515
