0.52380952381
0.712940121103
0.83195594584
0.881100716149
0.91809434972
0.936858336384
0.949503187771
0.957919565124
0.964263628538
0.969787025061
0.973214416396
0.975660477655
0.977862705156
0.979595598854
0.981216041436
0.982552046359
0.983785305708
0.984782874859
0.985824031381
0.9866332426
0.987450972647
0.988157645161
0.988866138303
0.989399318138
0.989896400719
0.990267670818
0.990657088978
0.991024632212
0.991348892115
0.991719383844
0.992012474519
0.992291403433
0.992566365894
0.992779591385
0.993019428783
0.993261405336
0.993443410316
0.993633778091
0.993804806508
0.993958642134
0.994106616362
0.99424914806
0.994382338599
0.994519937509
0.994657984678
0.994763784627
0.994876735173
0.994993664547
0.995085971524
0.995195576075
