0.52380952381
0.650774939346
0.810846389232
0.876188493245
0.918517673224
0.939114201985
0.952301001216
0.961247287872
0.966172706896
0.970347133192
0.973633490648
0.976514670748
0.978900472559
0.98082957211
0.982424306261
0.983728142209
0.984812027378
0.985749084684
0.986602157308
0.987375742505
0.988044490956
0.988705915282
0.989275045371
0.989767306674
0.990242156534
0.990645006581
0.991015038281
0.991401302495
0.991746668313
0.992045567175
0.992316555574
0.992552953492
0.9927990902
0.993042169535
0.993239530289
0.993461071515
0.99363928963
0.993819878383
0.993991895184
0.994141717444
0.994285698431
0.994441540337
0.994595756626
0.99472758889
0.994846776896
0.994959832124
0.995076885769
0.995183233527
0.995277413825
0.995378380359
