0.52380952381
0.584776334776
0.720477250023
0.832976658838
0.897577610173
0.926594103921
0.943582321745
0.954562753171
0.961779062975
0.967041456179
0.971884885771
0.974590265691
0.977096683567
0.979034115235
0.980726394695
0.982193667355
0.983663351722
0.984813484646
0.985821965008
0.98665902144
0.987409848787
0.988032736621
0.988589464101
0.989131944245
0.989588493253
0.990033482361
0.990452803964
0.990866179885
0.991173773213
0.991476662958
0.991811892403
0.99216057156
0.99244325772
0.992713687181
0.992934395079
0.993154926916
0.993345900187
0.993547915656
0.993744485587
0.993909954044
0.994081603481
0.994251468237
0.994406559693
0.994552287666
0.994706176327
0.99482501442
0.994958004555
0.995078756658
0.995187548811
0.995278167498
