0.52380952381
0.613835144447
0.684475218659
0.810686480968
0.89198322859
0.922007477995
0.940213310344
0.952315447197
0.959665490796
0.965638064312
0.969928313288
0.973362056859
0.975818955522
0.977965283969
0.979908493951
0.981494052258
0.982960915412
0.984207394738
0.98526467692
0.986217507026
0.986955040791
0.987625087834
0.988283292424
0.988926004367
0.989460109396
0.989971064034
0.990357336372
0.990790456706
0.991131264275
0.991490315379
0.991813179309
0.992105051812
0.992357633067
0.992624161018
0.992858172447
0.993089200381
0.993304062703
0.993489508893
0.993689494212
0.993860463675
0.994056773433
0.994207485144
0.994343396664
0.994477194134
0.994624608516
0.994743017482
0.994872739761
0.994993352547
0.995097917408
0.995197934419
