0.541666666667
0.853374304267
0.951085057775
0.971465607876
0.978743894546
0.983954131658
0.987146950695
0.989094080413
0.990632364071
0.991626030165
0.992428430647
0.993133477638
0.9937150645
0.994202944006
0.994613240298
0.995019747101
0.995309290466
0.995579759433
0.995861183185
0.996085836443
0.996288727913
0.996454626994
0.996620544802
0.99675760332
0.996907944526
0.99703655561
0.997158960508
0.997259120256
0.997372755126
0.99746433499
0.997550315825
0.997635785899
0.997706401734
0.997765823193
0.997838538383
0.997907871049
0.997967655297
0.998024112957
0.998080565863
0.998132757707
0.998182433034
0.998225827425
0.998269193734
0.998315663638
0.998356182618
0.998398964893
0.998429785243
0.998464087885
0.99850122772
0.998527910356
