0.539540816327
0.587301587302
0.679651102865
0.790702616652
0.853623940921
0.899529204697
0.922759214979
0.937355649883
0.950471064844
0.959405734646
0.964977071387
0.969959151473
0.973586670621
0.976488065588
0.978622220815
0.980543179564
0.982096314522
0.983372042634
0.984432743493
0.985394903909
0.986274325645
0.987095902729
0.987881143986
0.988441424837
0.989051063393
0.98962026155
0.990037869151
0.990436807972
0.990823654688
0.991178816709
0.99149516008
0.991817656036
0.992103245191
0.992368476763
0.992647839173
0.992885043319
0.993107960333
0.993331266337
0.993525193038
0.993695936496
0.99386586907
0.994030175497
0.994193206795
0.994338369507
0.994478403892
0.9946245807
0.994746345446
0.994867982447
0.994984739164
0.995093259947
