0.541666666667
0.851892109501
0.950475305944
0.970690510084
0.979361097217
0.98423524378
0.987403866446
0.989285230818
0.990688752047
0.991889308063
0.992711342779
0.993393828503
0.994008200466
0.994503156805
0.994886613876
0.995241471713
0.995576149673
0.995819768542
0.996082358193
0.996273868395
0.996447546239
0.996623965562
0.996774727108
0.996925362023
0.997071695953
0.997188607894
0.997290235562
0.997387837359
0.997490725256
0.9975710897
0.997652601127
0.997730760038
0.997807744936
0.997872455648
0.997946714419
0.998008725245
0.99806482309
0.998114942635
0.998168287153
0.998222135404
0.998265143923
0.998310245482
0.998352340859
0.998388517578
0.998423505456
0.998461733219
0.998493886051
0.998526243297
0.998555723893
0.998580362673
