0.555555555556
0.949285463395
0.976709055683
0.985133516143
0.989024174306
0.991235120818
0.992911127
0.99406152305
0.994866158723
0.995462686091
0.995894981849
0.996276831347
0.996567873475
0.996828006818
0.997029087034
0.997239835182
0.997404367837
0.997576778096
0.997717592272
0.997843348492
0.997951281876
0.998050016464
0.998142123871
0.998241919416
0.998314456673
0.998391973739
0.998460045648
0.998516458841
0.99857595974
0.998625943597
0.998673299478
0.998713259683
0.998756212906
0.998793050445
0.998827823418
0.998865100069
0.998897371894
0.998927779814
0.998955023189
0.9989808761
0.999007852467
0.999033960352
0.999055460945
0.999075332221
0.99909660615
0.999118905623
0.999139363549
0.999157154427
0.999174896508
0.999190603268
