0.533333333333
0.805670376259
0.912307855393
0.94781130793
0.963656639366
0.971927076454
0.978175764448
0.981659611741
0.984048511
0.986182525955
0.987868221877
0.989153597481
0.990161244861
0.99088701708
0.99157037404
0.992129860489
0.992599976829
0.993062356799
0.993487081579
0.993804668544
0.994159075579
0.994444524961
0.994723098682
0.994967140241
0.995180935086
0.995372544952
0.995544750187
0.995722728596
0.995876610616
0.996038907391
0.996169362995
0.996281344316
0.996394291803
0.996507282576
0.99661226168
0.996711968804
0.996819054518
0.996908819716
0.996996099098
0.99707337119
0.997138984796
0.997204946657
0.997272073165
0.997335456589
0.997391338643
0.997457268162
0.997519508606
0.997572002762
0.997626685053
0.997676028083
