0.541666666667
0.903936460629
0.959117549811
0.973313412008
0.980449722265
0.984236916956
0.987215431236
0.98886990412
0.99031108017
0.99141427895
0.992297038015
0.993074495575
0.993720081755
0.994277900369
0.994759919291
0.995115413375
0.995448803381
0.995712749531
0.995980288924
0.996212489291
0.996380931799
0.996542101451
0.996697895082
0.996843241885
0.996966124011
0.997096383764
0.997208034505
0.997324739132
0.997426492122
0.99751590936
0.997590599646
0.997671103028
0.997744423618
0.997809164278
0.997871440336
0.997934402766
0.997996134798
0.998049299952
0.998104093758
0.998159340334
0.998213598666
0.998258532388
0.998305013378
0.998348027075
0.998386124824
0.998420896735
0.99845580561
0.998492445895
0.99852301577
0.998554374529
