0.541666666667
0.828414351852
0.938213159195
0.964365744132
0.976424915194
0.982421312984
0.985892768922
0.988063500384
0.989712859419
0.99104530498
0.991962632113
0.992760795469
0.99337542511
0.99396181474
0.994415900892
0.99480617913
0.995173816928
0.995508260754
0.995764767463
0.99601014871
0.996227120119
0.996407487188
0.996577542661
0.996731311248
0.996862015841
0.996984062854
0.997116380893
0.997238359565
0.997342213383
0.997428548227
0.997516287999
0.997615884257
0.997691842006
0.997755290984
0.99783195612
0.997895521173
0.997953448148
0.998011311974
0.998065896934
0.998120919679
0.998169684385
0.998211413871
0.998255980078
0.99829750285
0.998336378282
0.998375309351
0.998415069062
0.998447401839
0.998479426679
0.99851172959
