0.541666666667
0.877221691352
0.951289602824
0.970620629085
0.979013248128
0.983513784326
0.986710661686
0.988742663704
0.990296082094
0.99145115426
0.99243115781
0.993082951828
0.993621551773
0.99418201767
0.994611462251
0.995041455984
0.995395069877
0.995685120322
0.995940315072
0.996148510794
0.996315998259
0.996472787763
0.996645096342
0.996801418119
0.996920839858
0.997061572063
0.997169861333
0.997272078522
0.997373972725
0.997474585684
0.997561941075
0.997646125138
0.997734541483
0.997803139886
0.997863621297
0.997919553629
0.997974781571
0.998034442293
0.998087192964
0.998137111332
0.998184518825
0.998226863376
0.998273222228
0.998318778597
0.998358919271
0.998398763014
0.998431786743
0.998466807534
0.998503882514
0.998538848646
