0.533333333333
0.672253968254
0.890283139357
0.940847915715
0.960608507461
0.971127162853
0.976626854179
0.98040871832
0.983004818064
0.985164249187
0.986969679469
0.988392711407
0.989407356306
0.990282943632
0.991044379187
0.991664721807
0.992283429855
0.992770981581
0.993277145302
0.993638509697
0.993989453457
0.994321977017
0.99459676116
0.994877606923
0.995111979851
0.995315432215
0.995490055801
0.995661386656
0.995804745637
0.995966208283
0.996113554703
0.996248102343
0.996368271114
0.9964996253
0.996597575623
0.996702085349
0.996786729117
0.996873189318
0.99695980562
0.997034727589
0.997107640795
0.997175275078
0.9972500555
0.997319411272
0.997386246116
0.997442843243
0.997501675193
0.997555392827
0.997610703467
0.997666320609
