0.583333333333
0.978334906669
0.989492283143
0.993113913538
0.994863190694
0.995862792548
0.996518382567
0.997095028728
0.99746346804
0.997741378256
0.997990935512
0.998182633381
0.998339414385
0.99845813484
0.998577887374
0.998674846458
0.998756294419
0.998822281748
0.998893214831
0.998957164918
0.999008278419
0.999050751885
0.999092146698
0.9991416758
0.99917388254
0.999202599117
0.999234298166
0.999262803991
0.999288287593
0.999311100685
0.999335611085
0.999356952274
0.999376765047
0.999396168237
0.999412308754
0.999429888331
0.999445676488
0.999459025142
0.999473692193
0.999488394711
0.999502038248
0.999514726075
0.99952576303
0.999536440858
0.999546635278
0.999556488716
0.999566675227
0.999577024388
0.9995849215
0.999593203196
