0.583333333333
0.977654384757
0.988792978565
0.992704615541
0.994645257434
0.995712139484
0.996423738319
0.996955613118
0.997387858137
0.997681942526
0.997947044627
0.998131320862
0.998295424702
0.998434563889
0.998558806209
0.998651216727
0.998741503745
0.998811822866
0.998883587956
0.998947598384
0.999003221836
0.999052797619
0.999092341908
0.999132458343
0.999166805365
0.999200047227
0.999231956848
0.999260309805
0.999288940065
0.999310921113
0.999333602185
0.999354717084
0.999374792404
0.999391503791
0.999410826582
0.999428419791
0.99944427154
0.999459727588
0.999475325101
0.999488862273
0.999501800967
0.999514887377
0.999526706786
0.999539138665
0.99954903465
0.999559101431
0.9995676941
0.999578005892
0.999587391199
0.999595873615
