0.52380952381
0.610518053375
0.76528141621
0.855550924653
0.898669320679
0.927509966951
0.94252841951
0.952777215529
0.96039626767
0.965284878582
0.969819966595
0.973249757315
0.976288225768
0.978665295601
0.980428485629
0.982114816869
0.983463896658
0.984679322551
0.985662257481
0.986574936365
0.987276273484
0.987964953466
0.988574565242
0.989124534304
0.989646058645
0.990145292181
0.990551306726
0.990956087529
0.991261218459
0.991584205773
0.991892934668
0.99220856732
0.99247640909
0.992751368393
0.992991955928
0.993244197807
0.993441840568
0.99361472715
0.993790375842
0.993953739733
0.994121724289
0.994250903858
0.99437920921
0.994501006112
0.994640072165
0.994780001725
0.994901714636
0.995017261035
0.995125566836
0.995237610108
