0.533333333333
0.838958209546
0.931289889192
0.955128617517
0.967658866195
0.974501945752
0.979195813838
0.982149730284
0.984709107349
0.986417111041
0.987901312506
0.98914262865
0.990168295857
0.991003387682
0.991649169685
0.99223990598
0.99278973449
0.993234890494
0.993595689637
0.99396276666
0.994255730448
0.994590414786
0.994850826664
0.995074536451
0.995270371836
0.995485439117
0.995649331578
0.995804005138
0.995979050252
0.996112402548
0.996241271588
0.996348686244
0.996457692524
0.996558958931
0.996656245199
0.996760509709
0.996856626623
0.996936290217
0.997019977945
0.997097563755
0.997182890413
0.997257341325
0.997324050022
0.997381394401
0.997439648228
0.997496041039
0.997546395905
0.99759936694
0.997650696128
0.9977027613
