0.527777777778
0.665637860082
0.828714964261
0.905778208005
0.935609493983
0.953715116943
0.962963401217
0.970043975321
0.974723493712
0.978465186723
0.981095787479
0.982963113509
0.984417242056
0.985818018185
0.987038957304
0.987934671811
0.988717596814
0.989417009363
0.990074244617
0.990671891981
0.99124550203
0.991678988795
0.992084882148
0.992450340822
0.992804588293
0.993100080557
0.993379687881
0.993621837299
0.993822264603
0.994065715608
0.994302138304
0.994518879901
0.994689267792
0.994856113853
0.994996571181
0.995142116784
0.995288084965
0.995426721945
0.995560914204
0.99567264737
0.995791683313
0.99590306047
0.996005801945
0.996105933412
0.996202024696
0.996302676686
0.99638359551
0.996457604754
0.996532872951
0.996598839279
