0.52380952381
0.569606413994
0.699303768428
0.804677137313
0.875057893372
0.908412428947
0.934895289998
0.948241402635
0.955828900845
0.962313255154
0.967982045884
0.971782396081
0.975177045145
0.977750158319
0.979826047862
0.981397617916
0.982844821752
0.983910031793
0.984872742778
0.985876444435
0.986704158321
0.987485779158
0.988084522091
0.988672598952
0.989210306134
0.989664206456
0.990124666002
0.990555243182
0.990941067032
0.9912827117
0.991596257466
0.991898859227
0.992196468904
0.992463896306
0.992701450649
0.992929134184
0.993139169033
0.99334807844
0.993554003067
0.99373353805
0.993909434926
0.994073974775
0.994227176773
0.994383991803
0.994538315997
0.994674629524
0.994788300468
0.994911086983
0.99503399668
0.995144986659
